100 16
150.0 150.0 10.0
6.9 CS
10 98 63 9 39 69 89 90 25 71 50
7.67 CS
10 49 83 19 65 86 76 87 21 61 56
6.49 CS
10 74 4 97 57 67 68 82 30 66 85
6.3 CS
10 54 19 13 91 0 76 4 35 82 39
6.81 CS
10 19 26 92 28 24 47 3 90 63 1
6.41 CS
10 91 77 28 10 79 3 89 32 73 21
7.81 CS
10 39 72 25 35 17 88 77 24 8 12
7.38 CS
10 1 51 30 13 29 58 15 57 24 2
6.85 CS
10 62 5 93 41 25 83 88 39 53 6
6.77 CS
10 25 7 75 62 32 18 46 72 21 84
6.44 CS
10 54 41 42 99 65 89 19 35 91 77
6.97 CS
10 42 70 72 83 6 48 61 12 10 99
6.96 CS
10 64 6 39 88 36 79 10 28 27 58
7.39 CS
10 59 65 14 92 43 70 64 23 44 37
7.58 CS
10 20 1 92 55 7 76 32 43 17 22
6.18 CS
10 97 56 18 51 22 36 1 63 58 14
6.16 CS
10 91 93 3 71 25 73 36 38 67 43
7.37 CS
10 23 64 19 9 81 66 4 89 93 86
7.15 CS
10 64 16 69 15 90 0 6 92 27 96
6.08 CS
10 27 37 53 48 66 1 52 8 41 28
7.34 CS
10 86 93 67 78 97 79 38 64 92 15
6.61 CS
10 57 55 75 65 92 70 24 13 27 22
7.36 CS
10 72 44 83 52 93 79 69 89 13 11
6.86 CS
10 13 95 22 7 61 54 97 57 2 51
6.96 CS
10 95 93 3 99 33 55 2 48 72 92
6.56 CS
10 32 9 50 81 5 34 21 91 75 89
5.69 CS
10 53 85 2 36 98 70 55 24 74 67
7.48 CS
10 53 81 10 51 84 57 44 28 58 40
7.06 CS
10 2 41 62 32 6 4 60 72 16 70
7 CS
10 82 23 93 31 58 78 27 20 66 6
6.51 CS
10 55 84 73 35 32 1 13 21 64 98
5.69 CS
10 13 83 70 19 87 95 44 48 30 64
8.16 CS
10 2 59 14 89 25 45 83 34 40 6
6.14 CS
10 57 35 21 55 39 76 95 28 82 47
6.89 CS
10 82 52 19 75 84 36 39 55 28 49
6.83 CS
10 85 4 30 53 10 60 14 47 54 97
7.8 CS
10 14 92 31 25 5 49 64 9 70 97
6.53 CS
10 41 30 72 43 10 94 95 5 81 44
6.82 CS
10 30 33 16 63 23 57 71 92 66 70
7.55 CS
10 8 34 92 42 17 37 70 35 97 81
7.21 CS
10 9 71 39 2 98 1 49 21 41 19
6.96 CS
10 47 43 9 49 97 95 78 22 11 39
7.1 CS
10 0 79 16 6 29 24 48 69 60 23
7.48 CS
10 47 78 32 16 39 55 35 77 50 70
6.84 CS
10 27 61 46 93 20 97 53 15 50 30
7.02 CS
10 24 43 78 16 75 63 95 54 38 20
6.11 CS
10 64 67 20 1 56 89 87 55 63 70
6.75 CS
10 27 71 50 94 38 63 97 49 11 84
6.94 CS
10 42 5 69 72 67 83 10 44 39 54
6.68 CS
10 96 13 24 83 61 47 11 91 23 45
7.26 CS
10 4 79 56 82 62 90 83 61 10 99
5.69 CS
10 33 54 79 89 19 12 67 0 4 1
6.34 CS
10 98 95 66 77 81 39 21 3 32 75
7.74 CS
10 12 39 11 85 95 72 68 61 74 16
6.56 CS
10 3 23 45 31 98 82 73 83 76 15
6.91 CS
10 90 42 43 64 82 98 30 29 76 95
6.61 CS
10 70 73 24 60 55 97 51 45 94 1
6.63 CS
10 8 70 59 94 30 88 11 74 14 19
7.47 CS
10 1 3 29 66 59 6 62 86 90 82
6.16 CS
10 83 31 85 72 43 58 70 41 26 25
6.79 CS
10 50 6 89 9 1 0 36 68 25 97
6.23 CS
10 67 87 51 50 44 41 56 78 69 88
6.82 CS
10 6 31 41 21 78 30 95 39 38 28
7.01 CS
10 54 89 87 82 97 5 84 30 10 7
7.81 CS
10 21 31 27 34 87 14 95 24 43 38
6.5 CS
10 44 56 52 55 95 16 99 51 24 76
7.17 CS
10 60 4 17 27 34 78 75 92 53 52
6.93 CS
10 83 14 23 89 45 87 19 68 51 99
6.79 CS
10 99 64 85 60 27 88 25 39 4 59
7.42 CS
10 40 98 30 21 5 61 48 27 28 6
6.39 CS
10 98 62 67 0 59 73 19 10 5 95
6.02 CS
10 23 84 35 27 4 77 54 19 67 63
7.03 CS
10 0 79 95 5 53 73 44 83 60 12
7.83 CS
10 46 38 95 92 45 36 91 70 17 52
6.8 CS
10 75 85 25 65 39 28 67 99 59 72
6.81 CS
10 89 53 97 29 96 49 18 46 59 32
6.64 CS
10 91 42 31 73 70 10 13 50 48 20
6.51 CS
10 0 36 40 98 58 5 94 17 4 53
6.31 CS
10 53 31 2 82 43 37 14 39 23 72
6.67 CS
10 75 72 1 94 4 56 15 33 24 36
7.96 CS
10 12 23 79 78 36 58 64 40 44 18
7.85 CS
10 32 94 60 18 69 25 4 53 52 73
6.36 CS
10 24 75 92 47 27 2 19 79 14 83
7.21 CS
10 13 72 34 32 79 64 22 70 73 84
6.72 CS
10 92 46 90 97 47 16 24 40 58 28
7.14 CS
10 72 8 11 74 59 6 14 29 35 42
6.37 CS
10 89 36 40 61 80 0 99 82 60 94
6.48 CS
10 70 86 33 45 78 63 82 68 56 64
7.27 CS
10 96 24 25 8 79 85 48 22 69 27
7.3 CS
10 1 39 93 41 29 75 45 97 51 91
6.61 CS
10 36 0 2 69 73 99 75 28 50 58
7.21 CS
10 50 7 26 34 16 74 68 76 99 53
8.29 CS
10 82 87 46 18 70 24 17 6 49 71
7.62 CS
10 14 15 74 75 87 80 88 98 83 46
8.14 CS
10 53 79 95 19 62 25 3 43 10 60
6.82 CS
10 98 14 73 24 7 63 56 59 94 58
6.69 CS
10 25 4 70 58 89 81 33 32 75 5
6.85 CS
10 75 40 24 22 38 21 23 18 57 39
7.62 CS
10 25 4 39 19 36 21 20 14 17 89
7.27 CS
10 50 35 11 48 74 90 4 82 76 31
20
5 0 9 25 37 72
5 43 47 71 85 94
5 19 52 78 84 87
5 4 10 15 46 61
5 1 13 17 58 86
5 5 7 21 35 60
5 8 55 62 64 68
5 39 40 63 89 97
5 2 30 33 38 57
5 36 65 73 92 93
5 16 42 53 69 91
5 44 51 74 90 99
5 3 24 31 66 82
5 26 59 67 70 77
5 12 20 80 81 98
5 11 34 48 54 76
5 6 22 23 27 88
5 14 32 50 79 83
5 28 49 56 95 96
5 18 29 41 45 75
