500 60
1000.0 1.0 5.0
9.3 CS
0
10 DS
0
8.04 CE
0
9.4 CS
0
8.66 CS
0
6.74 ME
0
3.07 EE
0
8.56 CS
0
9.14 CS
0
2.98 EE
0
9.94 DS
0
10 DS
0
9.9 AP
0
10 BE
0
10 DS
0
9.19 CS
0
7.52 ME
0
8.21 CE
0
9.09 CS
0
9.4 CS
0
5.63 BM
0
9.85 DS
0
8.74 CS
0
5.74 BM
0
8.94 CS
0
6.94 ME
0
10 DS
0
8.73 CS
0
3.26 EE
0
9.46 BE
0
8.13 CS
0
9.14 BE
0
9.55 CS
0
3.46 EE
0
9.16 CS
0
3.2 EE
0
3.38 EE
0
9.6 CS
0
9.57 BE
0
10 AP
0
8.96 IE
0
9.04 CS
0
5.41 BM
0
7.6 IE
0
9.56 CS
0
9.27 CS
0
10 DS
0
9.46 CS
0
7.34 MA
0
9.45 BE
0
9.44 CS
0
9.69 DS
0
9.32 CS
0
9.03 CS
0
9.28 BE
0
8.86 CS
0
8.96 IE
0
10 DS
0
2.81 EE
0
9.01 IE
0
3.42 EE
0
3.94 EE
0
9.41 AP
0
5.81 BM
0
8.71 IE
0
8.04 MA
0
10 DS
0
3.16 EE
0
9.64 AP
0
6.92 ME
0
9.27 CS
0
7.81 CE
0
5.45 BM
0
9.14 BE
0
9.23 AP
0
3.85 EE
0
7.73 MA
0
9.54 CS
0
2.97 EE
0
9.12 IE
0
2.24 EE
0
10 DS
0
10 AP
0
9.97 DS
0
10 CS
0
7.61 ME
0
8.95 BE
0
10 DS
0
10 DS
0
10 DS
0
8.6 IE
0
8.89 CS
0
9.68 CS
0
9.78 CS
0
8.06 CS
0
10 AP
0
7.69 MA
0
10 DS
0
7.92 MA
0
7.39 ME
0
7.68 CE
0
9.22 CS
0
8.61 IE
0
9.07 CS
0
10 DS
0
5.87 BM
0
9.78 DS
0
9.46 BE
0
7.33 CE
0
7.23 ME
0
9.29 CS
0
10 AP
0
7.07 ME
0
7.4 ME
0
10 DS
0
9.81 DS
0
8.52 CS
0
7.44 MA
0
1.78 EE
0
9.69 BE
0
8.11 CE
0
8.56 IE
0
3.39 EE
0
9.14 CS
0
7.73 ME
0
8.49 MA
0
9.14 CS
0
8.85 CS
0
9.57 AP
0
8.78 CS
0
9.16 CS
0
3.56 EE
0
7.5 CE
0
7.35 ME
0
8.24 CS
0
5.29 BM
0
2.59 EE
0
9.15 BE
0
7.78 ME
0
10 DS
0
8.78 IE
0
9.92 AP
0
7.92 CS
0
9.67 CS
0
7.83 MA
0
8.88 CS
0
3.18 EE
0
7.53 CE
0
7.96 CE
0
9.66 AP
0
9.07 CS
0
2.56 EE
0
7.54 CE
0
8.55 MA
0
8.87 CS
0
3.38 EE
0
6.86 ME
0
9.66 BE
0
7.78 ME
0
10 DS
0
9.01 BE
0
9.56 BE
0
10 DS
0
9.74 CS
0
6.75 ME
0
9.54 BE
0
10 DS
0
10 DS
0
8.78 CS
0
9.86 DS
0
9.69 DS
0
10 DS
0
9.57 DS
0
5.15 BM
0
3.35 EE
0
10 CS
0
10 AP
0
7.74 MA
0
8.44 IE
0
9.44 AP
0
8.06 CS
0
9.84 AP
0
8.44 IE
0
8.38 MA
0
6.78 ME
0
7.39 CE
0
8.66 CS
0
10 DS
0
10 DS
0
9.34 BE
0
7.46 MA
0
3.62 EE
0
8.11 CS
0
5.44 BM
0
7.83 MA
0
10 DS
0
8.16 CE
0
8.52 CS
0
6.63 ME
0
10 AP
0
10 DS
0
8.8 IE
0
10 DS
0
7.84 MA
0
9.18 CS
0
10 DS
0
7.66 CE
0
7.02 ME
0
9.89 DS
0
8.82 MA
0
9.37 BE
0
8.87 IE
0
10 DS
0
9.67 BE
0
8.29 MA
0
10 DS
0
9.23 CS
0
9.98 DS
0
7.97 CE
0
3.44 EE
0
8.66 CS
0
7.85 CE
0
3.05 EE
0
7.79 CE
0
8.1 CS
0
5.39 BM
0
8.92 CS
0
8.75 IE
0
9.64 DS
0
9.35 BE
0
6.95 ME
0
8.93 CS
0
8.53 IE
0
2.9 EE
0
7.67 ME
0
7.31 MA
0
4 EE
0
10 DS
0
3.64 EE
0
9.1 CS
0
8.64 CS
0
9.59 AP
0
9.99 DS
0
8.42 IE
0
7.05 ME
0
7.59 ME
0
9.79 DS
0
8.86 BE
0
6.96 ME
0
9.65 CS
0
9.63 DS
0
8.3 CS
0
9.97 AP
0
7.44 MA
0
9.07 CS
0
8.92 AP
0
8.39 MA
0
8.59 IE
0
8.9 CS
0
8.15 IE
0
9.13 CS
0
8.93 CS
0
8.26 IE
0
10 DS
0
9.1 CS
0
9.32 BE
0
10 DS
0
8.39 IE
0
10 DS
0
10 AP
0
10 DS
0
3.27 EE
0
8.89 BE
0
3.11 EE
0
9.78 BE
0
7.97 ME
0
9.76 CS
0
7.53 CE
0
4.99 BM
0
5.5 BM
0
10 AP
0
8.35 CS
0
2.84 EE
0
8.12 MA
0
8.1 CE
0
8.49 CS
0
8.65 CS
0
9.84 BE
0
9.18 CS
0
9.45 BE
0
9.44 BE
0
7.53 MA
0
9.32 CS
0
9.1 CS
0
8.43 MA
0
5.39 BM
0
9.44 IE
0
7.6 CE
0
8.16 CE
0
9.84 DS
0
9.8 DS
0
9.67 CS
0
9.46 BE
0
9.8 BE
0
9.26 BE
0
7.27 ME
0
8.38 CS
0
3.71 EE
0
2.83 EE
0
10 DS
0
8.59 CS
0
5.74 BM
0
7.79 CE
0
8.62 CS
0
3.13 EE
0
8.5 CS
0
8.94 CS
0
9.79 DS
0
9.9 AP
0
9.97 DS
0
8.32 CS
0
9.84 BE
0
7.67 ME
0
9.9 DS
0
3 EE
0
7.86 MA
0
9.11 CS
0
8.73 CS
0
3.26 EE
0
7.74 CE
0
3.06 EE
0
6.79 ME
0
10 DS
0
3.33 EE
0
7.6 CE
0
5.26 BM
0
9.57 CS
0
2.65 EE
0
10 DS
0
7.19 ME
0
8.79 CS
0
9.7 DS
0
8.67 CS
0
9.3 BE
0
10 DS
0
5.61 BM
0
10 DS
0
9.4 CS
0
10 DS
0
2.22 EE
0
8.8 CS
0
7.82 IE
0
10 DS
0
8.94 CS
0
5.79 BM
0
7.35 ME
0
7.37 MA
0
9.28 CS
0
7.18 ME
0
8 IE
0
8.13 MA
0
7.98 CS
0
7.93 MA
0
8.66 CS
0
5.61 BM
0
10 DS
0
9.59 CS
0
3.55 EE
0
9.91 AP
0
7.86 ME
0
7.81 CS
0
7.78 MA
0
3.58 EE
0
9.17 IE
0
2.69 EE
0
10 BE
0
7.61 CE
0
5.3 BM
0
9.34 CS
0
8.28 CS
0
8.95 IE
0
9.51 CS
0
9.1 CS
0
7.74 MA
0
9.06 CS
0
7.4 ME
0
9.43 CS
0
3.71 EE
0
5.71 BM
0
9.05 CS
0
9.38 CS
0
2.8 EE
0
9.11 CS
0
7.82 CE
0
6.41 ME
0
10 AP
0
2.95 EE
0
9.85 CS
0
4.17 EE
0
10 AP
0
9.75 BE
0
10 CS
0
5.29 BM
0
7.38 ME
0
10 DS
0
9.56 BE
0
10 DS
0
8.27 MA
0
9.3 AP
0
5.32 BM
0
7.36 ME
0
8.85 CS
0
8.96 CS
0
9.97 AP
0
3.91 EE
0
10 AP
0
9.35 CS
0
8.78 CS
0
9.99 DS
0
8.77 CS
0
8.08 CS
0
8.71 IE
0
9.05 BE
0
10 AP
0
2.61 EE
0
3.59 EE
0
7.33 ME
0
7.71 CE
0
7.68 MA
0
10 AP
0
7.62 CE
0
7.98 CE
0
5.34 BM
0
6.05 BM
0
9.81 DS
0
8.32 CS
0
9.71 CS
0
9.33 BE
0
7.03 MA
0
7.06 ME
0
9.89 AP
0
7.64 CE
0
9.68 BE
0
8.6 CS
0
9.89 DS
0
9.92 BE
0
3.39 EE
0
8.28 MA
0
8.07 IE
0
9.94 DS
0
4.47 EE
0
10 DS
0
9.53 BE
0
9.58 CS
0
9.61 DS
0
9.28 BE
0
2.72 EE
0
6.98 ME
0
9.04 BE
0
7.54 MA
0
8.18 CE
0
9.24 IE
0
8.08 CS
0
5.22 BM
0
9.41 BE
0
9.65 AP
0
8.82 MA
0
9.06 BE
0
8.66 IE
0
9.18 CS
0
9.21 CS
0
8.03 CE
0
7.68 MA
0
8.58 CS
0
9.55 CS
0
9.11 CS
0
9.16 CS
0
9.6 CS
0
8.06 MA
0
8.21 MA
0
9.2 CS
0
8.65 CS
0
10 AP
0
3.11 EE
0
8.76 CS
0
9.51 BE
0
7.45 CE
0
9.64 AP
0
5.27 BM
0
5.49 BM
0
9.8 DS
0
10 AP
0
9.62 AP
0
8.94 CS
0
10 DS
0
9.2 BE
0
7.89 ME
0
8.21 MA
0
3.36 EE
0
7.75 IE
0
25
20 137 49 50 172 453 77 381 47 485 107 19 474 280 44 38 32 29 302 179 269
20 131 489 278 66 354 31 157 146 323 324 311 425 63 13 110 223 371 349 394 193
20 90 102 187 121 7 315 55 266 473 414 492 101 257 4 167 344 116 165 256 282
20 194 190 410 355 48 478 57 245 297 117 499 16 403 372 97 322 185 359 405 428
20 317 300 208 246 321 106 303 181 400 21 188 287 93 445 429 115 397 169 12 318
20 136 304 166 109 457 219 84 33 28 433 23 80 242 198 423 456 314 388 199 105
20 214 65 294 178 220 283 484 114 417 182 284 466 202 373 247 481 176 127 154 159
20 235 108 370 192 177 334 100 124 396 291 472 71 385 356 308 133 351 426 358 195
20 337 273 155 424 367 36 75 446 330 58 191 483 9 35 374 328 78 236 333 238
20 470 160 380 59 254 103 53 56 255 261 150 412 493 41 86 70 313 24 40 272
20 171 350 422 468 125 145 226 231 458 348 201 129 419 168 387 306 274 449 22 39
20 267 253 76 430 312 46 230 459 6 25 439 339 391 244 85 151 83 248 305 99
20 435 271 94 434 497 399 329 490 320 15 384 462 197 122 316 479 17 379 251 237
20 26 368 180 460 224 362 298 447 183 451 132 89 96 232 262 296 243 413 153 175
20 128 52 163 45 276 51 442 309 143 250 213 170 341 366 119 68 249 465 228 301
20 111 162 406 270 82 418 365 14 494 319 332 11 1 401 444 395 217 215 375 268
20 416 104 487 289 241 469 454 3 263 477 88 382 91 161 404 290 357 352 37 336
20 196 144 203 158 496 486 147 436 152 427 441 61 393 376 325 142 482 383 234 113
20 227 346 363 149 338 139 310 411 258 209 467 389 92 277 252 281 260 264 475 186
20 476 34 18 79 126 81 293 392 353 480 130 8 74 288 326 216 204 461 212 455
20 10 343 62 437 452 299 0 210 390 54 386 292 239 229 347 408 189 73 464 2
20 421 240 43 443 123 140 27 67 327 378 415 64 286 95 491 206 340 265 342 471
20 448 221 218 360 30 407 275 141 134 431 259 211 120 369 420 233 285 98 361 148
20 207 205 495 438 307 60 222 87 200 5 174 69 156 112 118 138 331 440 184 164
20 498 295 409 225 398 488 72 450 335 432 402 364 173 42 20 279 377 345 135 463
