500 50
10.0 150.0 5.0
7 EE
20 304 49 183 13 160 38 283 459 143 401 319 310 428 347 50 384 188 96 58 149
7 DS
20 112 356 474 137 92 473 168 262 285 439 247 139 162 250 164 415 184 193 103 39
7 MA
20 455 268 31 337 100 308 106 190 155 149 121 320 52 453 160 36 328 451 65 21
7 EE
20 493 485 412 26 474 377 35 66 275 164 174 2 119 157 309 19 437 381 434 268
7 CS
20 129 205 259 369 142 228 21 464 323 94 335 424 462 370 437 236 232 350 225 183
7 CS
20 388 491 400 57 440 289 194 443 302 421 372 204 216 16 17 369 386 461 315 119
7 DS
20 324 376 436 400 217 430 199 422 238 379 476 206 10 310 281 192 441 72 145 245
7 EE
20 375 356 382 35 359 51 470 348 332 99 493 139 372 330 109 19 115 451 234 9
7 MA
20 160 303 41 411 23 117 52 207 21 47 458 433 69 93 34 455 372 250 253 230
7 EE
20 387 99 482 105 53 204 210 89 12 220 161 473 348 488 288 413 177 391 234 222
7 DS
20 30 212 218 11 245 206 61 367 170 106 104 237 228 274 59 154 157 103 46 306
7 CS
20 472 315 229 30 397 236 360 343 41 109 94 417 231 427 256 16 91 70 114 199
7 EE
20 499 71 364 258 401 134 432 465 250 0 195 325 345 333 311 308 204 180 56 398
7 DS
20 46 327 471 124 312 437 87 200 467 444 325 228 452 356 274 168 77 80 480 36
7 EE
20 268 433 417 244 465 470 121 174 344 92 206 125 203 69 40 461 20 173 256 471
7 DS
20 217 339 395 48 333 492 116 143 396 39 344 443 13 88 76 59 465 256 355 55
7 EE
20 438 145 215 143 203 7 451 332 462 209 189 13 249 246 81 234 121 316 231 161
7 CS
20 290 327 358 254 193 88 284 390 233 108 268 174 66 420 149 112 30 96 97 2
7 DS
20 14 344 216 497 138 375 163 257 145 203 422 399 31 246 481 228 15 475 331 201
7 EE
20 265 450 204 359 3 348 223 332 287 425 366 256 14 403 434 459 482 291 390 372
7 CS
20 32 130 393 286 185 215 333 342 68 478 430 16 95 317 362 351 74 99 365 452
7 MA
20 380 215 196 41 470 278 139 356 266 358 309 376 4 163 480 371 251 338 280 141
7 DS
20 87 418 232 171 120 200 450 279 448 191 242 24 68 362 100 266 443 148 307 334
7 MA
20 437 52 236 71 19 402 494 66 91 380 413 18 433 393 73 423 352 392 262 3
7 DS
20 96 225 69 364 92 475 150 419 272 318 433 200 392 461 343 133 23 485 64 432
7 DS
20 119 158 336 256 290 207 211 129 270 203 218 354 346 473 283 404 392 488 1 30
7 EE
20 159 318 395 236 378 323 278 89 138 2 402 400 66 4 195 232 478 386 129 475
7 EE
20 370 56 493 246 410 210 488 41 43 252 75 425 324 365 295 409 466 436 437 208
7 EE
20 2 276 227 0 355 433 168 214 195 11 328 51 60 236 155 129 75 104 472 395
7 EE
20 499 290 441 100 307 487 181 99 482 334 198 366 39 309 368 326 373 425 345 92
7 MA
20 373 156 160 184 475 486 209 34 159 229 398 79 471 232 415 441 43 162 318 183
7 MA
20 445 166 101 73 264 208 231 106 451 8 25 286 319 218 30 275 441 274 381 397
7 DS
20 27 49 243 263 61 391 441 281 191 408 228 376 383 150 187 236 411 162 320 137
7 MA
20 79 130 47 118 498 31 288 264 411 23 378 131 213 91 154 469 148 11 484 81
7 MA
20 475 496 434 107 149 317 416 30 91 81 52 207 43 122 339 455 172 33 296 41
7 EE
20 286 60 345 459 203 66 324 226 63 450 330 53 490 407 493 104 437 14 6 422
7 EE
20 395 261 195 208 9 470 139 164 103 459 392 431 326 330 152 78 425 483 99 222
7 DS
20 223 426 464 111 383 153 121 30 470 421 316 81 151 245 215 12 469 64 184 449
7 EE
20 113 386 119 34 445 25 291 490 311 88 46 167 170 208 256 296 161 353 372 403
7 DS
20 268 372 153 424 71 26 106 315 408 355 430 204 479 477 308 473 83 375 257 8
7 EE
20 472 163 348 372 69 323 420 367 184 359 227 326 2 19 346 167 357 21 366 277
7 MA
20 286 33 129 203 374 144 51 428 335 66 317 127 58 0 339 288 499 344 293 172
7 DS
20 219 179 96 331 439 366 396 302 194 185 341 355 12 32 266 206 342 83 145 313
7 MA
20 141 401 40 283 395 379 111 4 372 204 200 119 347 211 327 482 477 57 397 13
7 MA
20 69 288 41 250 497 184 314 120 180 264 276 172 114 85 370 374 407 258 15 196
7 DS
20 451 120 326 49 336 90 401 299 212 60 481 110 30 427 271 406 250 265 1 285
7 EE
20 35 236 426 329 455 295 429 462 353 72 69 345 377 87 109 374 337 294 354 107
7 MA
20 120 21 52 118 93 455 467 479 371 69 448 79 284 305 242 89 491 393 342 278
7 DS
20 10 294 351 18 269 465 419 398 15 156 106 228 424 45 490 226 25 471 187 298
7 DS
20 6 316 207 465 201 202 151 51 240 158 142 456 145 42 284 94 225 217 77 252
7 EE
20 392 475 406 464 416 111 183 336 49 428 466 81 485 389 138 118 408 27 125 141
7 EE
20 111 475 273 287 30 479 426 150 7 14 341 413 108 460 305 12 161 140 79 350
7 MA
20 435 286 215 367 98 206 101 413 159 498 342 414 177 181 6 242 224 455 349 303
7 EE
20 421 307 350 459 41 324 382 216 202 32 263 442 24 322 156 107 373 395 465 343
7 CS
20 182 166 55 407 308 152 300 453 172 411 162 210 472 126 322 470 497 261 337 60
7 DS
20 270 189 272 460 387 58 246 128 329 354 97 255 198 452 275 70 414 331 297 276
7 CS
20 397 13 194 95 17 220 498 88 11 414 187 275 341 109 377 409 89 171 214 440
7 CS
20 445 371 7 416 439 377 278 51 2 392 375 263 421 117 341 140 40 6 108 497
7 EE
20 0 422 8 265 232 103 311 482 343 256 451 14 346 46 274 84 360 29 210 55
7 DS
20 355 157 290 444 281 18 80 61 474 14 99 60 111 479 379 494 202 114 345 399
7 CS
20 342 194 310 406 388 98 32 376 217 365 296 142 54 129 271 242 23 340 88 80
7 DS
20 354 136 225 216 205 18 338 492 334 209 344 337 132 7 442 241 284 212 272 166
7 EE
20 240 228 79 295 12 473 334 144 183 149 210 338 383 247 464 235 52 324 458 50
7 EE
20 309 193 198 154 58 66 322 195 420 103 452 487 332 283 232 260 385 203 483 295
7 CS
20 429 245 199 272 386 480 349 416 436 363 401 57 205 171 340 280 487 304 267 486
7 DS
20 389 386 55 301 61 215 100 58 228 328 54 434 449 59 304 143 261 111 395 390
7 EE
20 203 326 62 385 63 265 459 276 334 348 336 220 78 259 195 19 58 252 210 9
7 MA
20 133 88 430 102 361 355 159 382 105 484 458 2 75 193 97 90 440 74 267 182
7 CS
20 161 88 110 294 305 16 383 20 82 14 243 296 28 443 388 144 309 202 5 428
7 MA
20 73 121 220 444 118 474 344 70 499 472 339 288 208 223 242 370 407 294 54 246
7 EE
20 401 237 71 442 66 260 47 366 261 324 330 371 391 105 27 221 342 35 213 199
7 DS
20 256 59 170 396 429 392 316 363 185 297 18 402 127 99 260 373 249 417 224 345
7 EE
20 470 214 195 71 483 139 493 210 258 260 100 152 402 46 353 474 181 115 211 208
7 EE
20 366 47 42 470 289 51 423 74 251 139 161 353 33 143 100 109 101 57 365 219
7 MA
20 402 79 372 442 160 499 206 118 149 147 30 119 98 130 437 361 438 142 216 362
7 EE
20 141 281 147 354 107 420 77 185 32 85 4 52 100 309 161 449 65 498 256 344
7 DS
20 83 310 380 374 160 299 22 215 436 399 33 178 492 359 328 487 205 255 457 38
7 CS
20 81 304 7 97 444 403 250 431 82 216 195 124 354 37 313 308 91 202 335 440
7 EE
20 456 399 373 487 395 317 340 445 192 142 2 224 259 144 125 82 20 334 111 473
7 MA
20 89 263 440 274 487 131 498 428 418 300 407 217 120 216 173 204 415 9 159 115
7 CS
20 306 136 190 493 42 236 233 97 146 6 382 358 86 19 249 252 479 388 54 39
7 MA
20 435 448 478 311 32 296 106 313 495 200 428 440 255 13 382 390 233 112 371 336
7 CS
20 233 363 176 60 481 246 64 453 134 267 406 126 199 423 56 438 432 400 119 310
7 DS
20 305 124 379 191 441 203 128 195 41 153 227 290 69 225 411 306 356 450 170 461
7 DS
20 104 249 83 132 127 224 402 153 61 36 472 408 392 71 7 220 87 282 233 441
7 MA
20 94 100 320 437 130 142 223 341 353 451 364 356 52 218 310 231 233 433 186 237
7 EE
20 291 430 177 71 343 156 425 317 464 43 188 391 278 183 298 53 482 193 88 356
7 DS
20 454 415 10 29 445 15 329 225 284 26 341 289 11 331 384 84 343 375 421 423
7 CS
20 56 3 36 22 321 426 69 74 437 361 309 233 62 89 402 93 124 246 327 310
7 MA
20 160 36 81 107 271 11 464 297 23 321 393 320 498 311 186 146 457 130 316 156
7 CS
20 4 315 64 353 89 77 352 214 197 134 45 94 2 213 381 124 11 224 468 66
7 MA
20 215 337 208 136 435 417 424 413 311 27 448 110 196 398 350 190 274 133 147 155
7 EE
20 63 87 266 196 307 232 223 456 61 386 484 238 419 264 487 476 255 251 76 444
7 MA
20 187 487 131 181 160 275 114 120 353 451 303 23 150 209 425 391 300 63 314 305
7 CS
20 369 267 370 166 478 220 195 17 4 254 134 340 365 291 5 301 113 456 453 273
7 CS
20 167 381 105 176 243 406 435 52 401 245 101 258 428 218 69 456 188 253 141 120
7 DS
20 286 77 416 441 427 444 266 52 37 317 219 150 337 344 5 455 147 470 405 368
7 CS
20 377 289 419 186 458 51 407 44 442 145 60 190 315 96 73 393 64 100 298 59
7 DS
20 37 143 323 162 191 443 465 289 478 116 286 344 490 495 408 39 316 106 361 241
7 EE
20 475 459 363 49 189 80 205 105 344 397 58 482 469 154 415 424 308 292 141 270
7 EE
20 334 390 399 383 211 341 452 111 373 346 283 377 198 474 202 311 431 368 372 38
7 EE
20 286 137 39 327 322 200 20 488 204 132 252 79 385 195 62 83 436 32 282 431
7 MA
20 122 47 448 67 404 206 127 454 453 1 159 362 322 69 428 44 114 346 343 339
7 EE
20 193 488 222 491 36 58 152 420 256 279 182 162 482 359 442 163 125 189 342 349
7 DS
20 138 194 395 164 33 249 110 130 151 196 432 461 397 51 411 186 339 310 431 396
7 EE
20 249 42 66 291 195 398 355 348 345 203 376 80 464 326 95 41 313 462 28 346
7 DS
20 223 206 1 39 21 13 478 204 10 351 229 219 18 145 274 333 389 461 396 138
7 MA
20 477 407 153 361 460 268 446 96 33 263 258 62 347 317 350 43 468 383 52 125
7 CS
20 239 395 122 16 496 257 266 302 393 86 370 424 423 135 136 431 259 380 5 275
7 EE
20 460 223 242 207 356 202 193 291 372 387 412 91 302 281 364 475 335 53 133 288
7 MA
20 169 457 120 47 259 342 165 402 410 172 76 258 18 20 390 48 320 90 469 114
7 DS
20 344 158 430 171 494 410 472 187 196 219 136 448 298 213 437 284 396 72 313 293
7 CS
20 494 125 382 330 234 281 109 241 443 261 299 194 124 411 67 49 424 280 471 4
7 CS
20 17 176 271 315 146 435 216 367 192 20 5 182 327 369 94 124 259 388 446 170
7 MA
20 342 419 195 358 152 60 75 264 451 495 354 184 121 35 425 136 61 17 359 294
7 EE
20 28 220 276 89 46 338 293 300 126 153 239 377 27 193 391 298 399 211 379 324
7 DS
20 313 169 379 463 124 388 301 471 250 310 212 277 94 158 367 302 291 37 77 255
7 MA
20 62 10 451 338 41 84 365 87 131 143 411 333 278 160 253 302 98 64 382 210
7 MA
20 473 345 418 291 221 326 189 344 304 384 312 433 360 90 370 285 113 481 298 125
7 CS
20 361 172 346 453 358 270 115 368 197 304 305 196 418 271 59 140 292 214 156 472
7 MA
20 457 172 34 463 342 278 231 393 374 102 319 295 371 337 293 317 69 44 407 47
7 MA
20 285 99 281 122 161 358 334 197 265 268 169 184 385 209 448 263 190 434 414 145
7 MA
20 166 86 75 285 459 399 496 14 222 37 307 150 339 153 141 261 164 180 475 188
7 MA
20 321 160 117 407 314 295 148 253 273 41 244 342 336 319 384 93 496 445 21 284
7 CS
20 244 266 354 17 388 268 53 16 446 340 317 417 113 451 419 239 310 201 199 347
7 CS
20 439 421 412 136 456 278 177 352 159 481 432 170 97 183 206 81 406 259 400 141
7 CS
20 148 400 435 259 388 228 302 401 357 306 245 54 239 423 439 261 177 173 147 299
7 DS
20 480 375 60 70 351 248 426 350 329 261 81 146 161 255 148 58 340 406 318 440
7 CS
20 80 108 375 271 175 20 315 302 259 357 216 192 125 400 167 194 388 88 245 136
7 CS
20 354 239 390 69 82 456 434 474 270 43 107 146 291 265 360 121 334 466 38 216
7 CS
20 424 462 376 272 382 300 182 38 361 451 133 18 431 7 220 365 216 202 460 115
7 MA
20 497 227 247 19 254 147 303 443 491 475 40 495 102 123 315 480 278 165 305 392
7 DS
20 225 303 181 326 217 127 150 298 472 228 441 247 286 423 157 444 160 402 89 54
7 EE
20 92 431 183 2 109 228 171 385 0 161 89 452 428 27 464 372 64 279 396 193
7 CS
20 149 453 56 372 476 61 121 279 399 470 301 166 352 498 170 263 73 455 405 8
7 EE
20 400 300 99 341 209 473 348 269 419 309 32 385 490 83 449 23 198 38 196 223
7 CS
20 80 261 449 322 241 297 214 301 318 64 359 401 82 249 236 366 35 5 97 394
7 MA
20 189 192 218 36 228 215 465 191 415 352 401 216 332 21 392 251 485 359 458 143
7 DS
20 243 223 499 162 83 352 361 444 471 294 298 324 457 241 348 270 206 349 430 327
7 EE
20 361 359 79 103 126 90 446 115 338 145 380 263 2 264 16 15 427 284 51 171
7 MA
20 298 268 207 1 355 113 200 270 474 226 352 446 114 229 382 121 323 69 317 351
7 MA
20 420 33 118 242 38 298 21 288 207 481 241 114 43 472 334 393 10 346 297 412
7 DS
20 448 115 211 82 183 437 398 42 318 362 69 184 344 92 110 349 287 380 176 445
7 DS
20 218 206 32 55 266 472 96 475 279 227 328 383 365 215 414 469 241 289 188 494
7 MA
20 122 111 228 81 446 47 34 120 371 374 32 196 170 207 404 493 123 149 295 350
7 DS
20 228 196 344 455 129 453 360 308 34 179 443 350 292 164 487 323 433 147 282 182
7 CS
20 438 285 180 440 97 448 200 128 358 193 110 129 368 319 360 125 457 179 12 107
7 CS
20 54 89 196 52 131 130 423 421 328 211 363 466 238 234 56 432 207 398 239 200
7 MA
20 342 113 497 144 249 114 271 123 470 0 448 321 5 423 427 451 87 121 88 41
7 MA
20 290 199 202 82 296 477 170 138 293 107 358 418 175 209 459 53 413 211 155 423
7 DS
20 115 389 396 297 357 104 271 148 373 231 196 362 413 98 294 218 400 197 51 219
7 DS
20 488 42 187 45 257 155 351 270 89 167 116 138 175 267 396 311 495 84 6 493
7 EE
20 154 76 332 401 319 429 377 167 124 210 346 35 327 68 475 299 450 65 195 267
7 DS
20 59 266 472 46 274 326 195 391 138 304 287 455 194 319 70 441 123 371 249 202
7 EE
20 438 375 468 387 17 496 193 485 64 493 26 420 359 113 87 370 177 40 481 187
7 EE
20 147 295 458 410 68 391 149 70 344 472 14 474 429 159 137 58 244 79 495 481
7 DS
20 204 33 79 407 176 402 109 369 429 253 487 15 115 235 362 283 390 59 202 50
7 DS
20 127 22 474 63 490 307 153 115 424 134 383 66 68 186 471 15 400 363 487 94
7 DS
20 112 120 419 268 320 398 298 219 105 144 287 101 451 93 232 116 308 251 39 280
7 CS
20 112 206 446 445 239 392 473 216 56 132 138 82 378 327 440 450 425 347 61 418
7 MA
20 110 454 432 234 91 306 317 277 380 132 407 381 276 126 239 337 93 341 374 148
7 EE
20 320 424 312 246 456 349 27 298 39 148 139 495 385 162 362 255 284 194 78 69
7 DS
20 359 281 369 255 140 113 448 348 111 372 375 270 132 437 411 88 421 267 211 59
7 EE
20 428 326 490 488 359 44 480 228 260 270 493 366 45 14 63 54 444 345 348 434
7 EE
20 147 324 63 499 462 328 220 487 14 99 75 414 64 442 183 483 9 152 380 201
7 MA
20 355 27 110 23 330 450 261 191 120 48 89 357 17 153 277 41 174 469 295 47
7 CS
20 92 118 137 69 366 373 369 267 153 275 103 379 246 461 410 299 41 442 371 199
7 CS
20 54 320 65 200 415 151 244 181 170 246 334 359 345 322 36 275 127 447 330 398
7 DS
20 401 24 13 265 108 241 490 208 486 365 197 122 402 104 494 225 356 218 270 37
7 MA
20 121 393 162 359 220 276 76 171 424 103 463 80 360 476 458 496 36 246 464 337
7 CS
20 275 295 369 327 453 83 269 24 89 11 285 465 91 179 5 126 410 32 200 406
7 MA
20 385 274 201 375 162 366 88 175 186 255 400 7 147 298 297 382 293 423 377 388
7 MA
20 418 126 449 367 197 357 321 58 336 276 411 330 122 211 59 208 127 465 120 175
7 CS
20 128 79 498 76 277 139 137 111 412 395 98 266 255 271 120 101 443 202 469 315
7 EE
20 266 499 401 188 430 459 239 327 433 303 338 137 404 275 18 58 345 144 187 89
7 CS
20 460 232 267 181 454 147 250 84 423 70 327 159 388 64 386 153 43 352 150 381
7 CS
20 112 413 113 363 172 126 484 327 463 482 306 128 428 456 109 300 432 391 124 257
7 CS
20 486 115 367 389 424 57 212 59 300 375 11 312 186 394 139 71 447 327 493 343
7 MA
20 469 17 206 457 74 266 6 339 207 476 196 133 243 149 495 193 100 463 139 176
7 EE
20 417 103 392 208 484 462 9 27 368 377 423 75 100 403 345 354 203 437 308 163
7 MA
20 393 196 496 207 440 416 404 258 266 84 285 380 399 212 292 102 34 411 44 321
7 EE
20 95 3 231 191 77 393 205 342 146 245 353 241 246 387 163 428 350 370 360 447
7 CS
20 341 302 238 159 121 190 257 297 101 92 97 469 403 138 232 275 298 407 481 94
7 EE
20 3 459 300 446 133 334 284 62 155 4 248 426 101 482 429 357 387 96 451 211
7 MA
20 327 382 78 210 27 63 121 240 229 484 97 393 482 12 298 497 158 137 81 320
7 DS
20 451 227 411 370 55 171 311 492 105 124 5 495 51 258 294 234 449 95 259 290
7 DS
20 461 354 462 367 128 18 113 247 483 127 280 373 157 383 163 251 32 286 443 90
7 DS
20 207 378 215 98 39 15 223 408 37 147 168 6 76 492 42 347 226 465 495 361
7 DS
20 438 181 337 491 498 258 456 476 389 27 182 39 480 365 383 178 147 41 74 56
7 EE
20 111 12 180 36 474 9 464 198 426 38 382 487 116 291 223 483 434 251 380 325
7 CS
20 378 11 460 188 306 207 260 431 418 293 348 228 175 114 442 494 173 481 275 419
7 DS
20 74 130 413 0 301 372 340 282 257 490 370 493 411 236 429 62 158 114 277 300
7 CS
20 27 4 499 177 299 405 168 272 156 80 68 262 386 293 302 486 88 159 406 190
7 EE
20 395 9 265 46 126 410 0 203 497 142 53 324 103 161 256 488 353 133 76 356
7 CS
20 288 20 368 217 420 102 303 186 458 281 261 107 426 440 446 176 65 146 488 246
7 EE
20 350 105 62 59 322 406 356 392 470 79 260 167 338 26 398 154 289 277 462 203
7 MA
20 403 224 467 485 310 73 480 188 290 109 323 49 234 283 122 359 418 46 266 416
7 CS
20 277 331 57 117 116 276 401 422 382 108 343 321 54 376 257 306 486 105 33 432
7 EE
20 464 86 408 232 103 237 164 457 461 133 60 410 33 4 427 7 212 405 73 185
7 CS
20 318 5 246 280 470 401 134 461 251 98 306 409 93 252 153 176 255 87 284 375
7 CS
20 423 176 75 429 372 19 229 394 453 427 455 149 77 446 138 232 259 439 179 411
7 DS
20 286 475 367 116 184 360 351 15 494 138 158 76 186 461 478 1 187 10 215 227
7 CS
20 475 441 462 41 26 307 206 208 157 346 437 38 324 86 20 300 240 428 493 269
7 EE
20 86 272 447 11 247 324 48 452 332 357 249 46 28 189 322 266 330 289 277 399
7 EE
20 437 301 152 411 478 308 210 380 19 68 474 164 38 462 31 429 283 109 250 207
7 CS
20 245 18 14 127 475 278 84 434 450 418 40 4 377 366 185 494 496 320 301 201
7 DS
20 3 323 121 216 356 495 424 142 418 402 398 127 78 391 182 279 353 118 268 375
7 MA
20 256 232 179 366 206 293 144 40 20 395 250 400 187 368 498 227 42 58 388 312
7 EE
20 10 293 127 163 312 308 472 229 244 350 446 233 482 292 459 153 367 207 200 210
7 MA
20 121 418 160 202 431 35 490 292 38 354 57 175 12 96 34 80 415 137 443 193
7 EE
20 48 449 236 324 158 231 464 108 127 208 409 60 98 242 326 358 330 433 357 332
7 EE
20 425 72 453 387 174 454 10 473 470 24 487 340 248 385 3 364 282 125 135 81
7 DS
20 241 338 271 224 264 299 170 453 427 25 330 57 484 102 88 302 445 321 245 19
7 MA
20 85 142 89 301 172 237 340 476 10 101 79 35 277 113 418 143 419 481 78 17
7 EE
20 178 354 16 423 213 137 385 154 89 116 313 335 445 299 65 331 15 346 361 152
7 DS
20 437 419 396 494 143 55 316 304 368 193 323 167 461 61 142 301 281 473 65 436
7 CS
20 94 130 246 172 295 401 257 277 299 394 307 363 175 56 293 98 479 312 357 475
7 DS
20 316 427 421 240 372 397 247 294 34 181 191 98 430 218 178 355 132 473 49 477
7 DS
20 450 465 211 340 213 416 317 425 91 328 60 176 246 309 418 236 72 470 43 10
7 DS
20 204 8 68 496 449 224 234 271 425 477 244 235 93 227 339 19 283 303 56 350
7 EE
20 403 387 222 354 283 103 99 488 183 382 12 71 232 189 66 4 155 474 72 235
7 MA
20 444 93 145 469 106 166 311 76 275 87 312 113 114 79 315 348 223 353 110 443
7 EE
20 29 27 64 3 409 455 20 429 97 492 437 464 300 345 89 320 335 146 191 30
7 DS
20 298 239 346 361 23 77 399 243 201 218 310 162 44 164 313 111 141 262 259 476
7 DS
20 6 430 313 424 97 271 408 389 148 294 65 420 490 344 170 55 229 301 253 396
7 DS
20 34 96 365 217 13 310 422 44 203 10 72 354 143 111 213 465 375 290 391 328
7 DS
20 481 89 227 151 369 159 460 378 486 351 450 293 404 225 401 142 19 87 294 272
7 DS
20 225 475 465 223 402 477 296 417 103 311 231 489 478 397 426 346 313 167 87 132
7 DS
20 188 255 227 20 46 9 383 55 424 370 338 259 61 373 380 223 419 408 72 24
7 DS
20 184 415 25 433 119 495 155 361 247 231 419 227 191 197 138 331 48 431 96 370
7 MA
20 101 488 160 374 303 321 404 151 423 352 55 247 448 414 137 409 253 144 219 167
7 MA
20 156 379 498 173 415 108 154 491 87 399 79 352 324 300 33 61 305 120 272 441
7 CS
20 296 36 354 393 302 84 282 254 63 400 260 45 355 252 112 272 429 345 386 335
7 CS
20 190 275 186 429 201 276 446 475 170 428 362 266 149 262 36 82 348 116 294 40
7 EE
20 160 50 462 203 66 70 9 485 35 438 454 17 20 262 174 497 240 340 51 318
7 EE
20 196 186 22 210 193 96 297 490 256 139 207 459 316 426 84 372 61 315 311 106
7 CS
20 427 108 266 278 197 490 171 378 224 424 272 175 94 331 405 201 396 89 342 415
7 DS
20 261 53 226 26 228 109 224 440 67 183 88 428 201 143 87 142 150 406 255 37
7 DS
20 152 251 98 158 76 113 243 374 119 331 44 376 323 348 142 325 240 104 73 402
7 CS
20 202 446 259 90 369 4 11 57 381 370 108 113 177 245 20 438 456 200 56 357
7 DS
20 313 498 478 489 168 289 104 421 496 98 130 365 143 415 243 77 254 57 461 397
7 DS
20 248 392 16 326 155 159 453 496 138 316 236 259 430 329 422 474 294 436 119 255
7 CS
20 400 495 135 108 182 165 492 179 444 163 94 71 406 404 233 169 420 347 255 369
7 DS
20 313 443 329 345 465 419 310 98 334 291 96 210 240 478 420 45 15 9 333 229
7 MA
20 360 238 43 147 446 8 33 125 462 477 386 120 232 493 406 249 369 263 361 430
7 CS
20 119 457 430 159 94 441 413 154 381 186 453 363 175 232 257 290 71 301 77 444
7 CS
20 408 301 479 331 128 375 296 83 491 213 13 478 222 165 319 140 318 127 304 337
7 DS
20 225 227 61 188 15 28 217 444 310 461 289 379 53 1 439 132 143 228 304 286
7 EE
20 394 73 222 334 99 19 16 135 84 488 312 403 62 366 51 349 234 300 133 220
7 EE
20 332 32 412 117 289 259 231 73 95 53 110 483 226 266 415 28 51 84 403 203
7 MA
20 343 43 206 42 266 41 484 371 67 209 69 74 352 207 23 455 171 358 221 284
7 EE
20 66 431 248 445 217 205 27 101 38 362 397 28 62 426 20 459 152 350 204 310
7 CS
20 332 209 403 8 336 132 284 128 353 43 412 394 370 102 432 199 185 121 498 82
7 MA
20 398 476 114 165 240 313 290 162 371 397 63 98 47 170 210 407 193 147 79 293
7 CS
20 167 331 324 359 155 299 45 277 26 196 89 402 311 108 226 20 233 315 57 492
7 MA
20 124 404 476 283 477 48 351 368 444 298 74 187 302 169 190 59 142 361 439 157
7 EE
20 395 152 189 40 285 486 69 208 289 354 341 459 19 334 184 436 67 62 382 362
7 CS
20 453 304 376 325 56 11 108 104 279 176 425 70 342 426 261 181 125 57 55 316
7 MA
20 374 209 287 458 178 430 75 425 299 447 110 285 473 206 52 155 44 211 50 221
7 CS
20 404 267 97 190 17 119 465 66 423 462 56 388 128 63 244 280 456 54 409 47
7 EE
20 363 339 427 152 338 22 99 78 407 240 371 336 404 321 126 365 36 193 372 405
7 CS
20 170 428 412 199 146 276 441 165 80 194 417 357 8 358 479 413 136 27 246 204
7 EE
20 468 203 395 63 79 485 310 159 36 220 181 57 431 245 9 77 284 39 324 93
7 CS
20 212 20 93 149 207 343 34 134 17 235 238 204 459 65 341 31 154 374 384 166
7 MA
20 46 201 124 212 113 51 340 216 67 161 331 87 274 214 158 196 221 154 448 74
7 EE
20 172 27 279 412 205 210 471 36 11 264 201 342 405 212 348 411 33 242 93 407
7 MA
20 447 481 378 469 20 49 417 115 348 88 231 359 353 207 495 24 225 343 114 46
7 CS
20 448 227 253 60 263 435 14 245 209 424 315 94 410 159 409 151 163 475 416 110
7 MA
20 312 208 374 354 177 355 337 454 120 490 33 218 450 465 403 455 8 244 207 482
7 DS
20 219 22 86 291 43 141 475 212 124 459 49 341 399 48 354 373 333 326 287 438
7 DS
20 30 360 168 470 17 316 417 15 359 49 25 105 367 308 427 129 116 345 70 33
7 CS
20 387 190 65 42 56 372 367 452 477 394 349 128 283 185 122 340 83 455 198 129
7 CS
20 120 391 152 32 2 11 432 166 457 104 173 280 165 147 226 68 33 376 404 133
7 MA
20 258 76 255 250 404 418 178 117 276 231 21 305 41 108 167 321 400 30 414 458
7 DS
20 7 31 15 408 215 306 6 425 214 84 206 444 1 151 79 284 454 98 344 197
7 CS
20 16 461 88 136 114 423 139 171 296 401 230 111 77 129 363 370 386 274 271 106
7 MA
20 121 226 213 216 332 337 492 97 250 261 497 26 498 264 147 85 171 491 464 407
7 CS
20 167 152 253 285 451 151 378 221 110 270 64 388 108 486 361 73 493 480 150 118
7 MA
20 30 131 260 36 172 275 232 353 391 310 205 379 70 8 82 100 276 35 314 199
7 DS
20 106 82 237 408 36 364 229 475 435 248 65 80 318 56 351 432 226 151 360 25
7 MA
20 5 114 395 325 246 259 223 215 78 401 423 201 373 458 94 406 2 213 162 242
7 DS
20 365 142 292 289 387 223 32 229 364 212 461 96 417 475 218 421 472 465 414 471
7 CS
20 173 216 95 118 492 68 56 306 147 225 446 431 70 126 221 355 459 138 172 175
7 EE
20 372 214 53 174 42 152 228 422 106 424 442 268 160 290 133 38 401 336 332 46
7 MA
20 181 222 168 341 489 232 402 71 41 344 360 227 69 427 229 328 231 361 182 318
7 MA
20 335 73 358 89 110 190 321 97 351 287 448 259 19 141 301 102 328 263 170 435
7 DS
20 202 239 405 467 180 275 204 209 83 270 291 4 59 280 451 13 118 318 457 153
7 MA
20 448 418 86 455 34 268 171 404 278 466 178 137 358 228 280 159 255 327 476 141
7 MA
20 392 246 13 426 378 106 155 178 228 224 97 255 304 383 342 52 492 262 161 449
7 DS
20 7 148 110 169 285 472 385 108 153 27 336 72 59 411 337 473 476 331 318 345
7 CS
20 336 118 100 491 41 430 84 353 238 494 405 334 8 455 380 363 134 304 24 105
7 EE
20 343 52 346 161 155 72 485 51 27 372 439 101 403 9 135 281 100 495 326 262
7 DS
20 364 187 485 77 258 148 344 106 63 343 396 419 391 284 287 169 240 452 98 305
7 CS
20 361 416 182 166 202 128 177 315 245 282 440 56 108 388 41 381 402 370 119 310
7 DS
20 153 277 45 296 238 31 282 495 361 76 467 310 22 398 185 224 355 145 200 151
7 MA
20 385 249 27 482 392 299 123 402 8 483 253 324 472 285 185 367 497 316 40 172
7 MA
20 285 171 114 336 384 167 490 374 174 418 494 122 78 448 358 371 172 140 196 31
7 CS
20 15 456 478 310 404 326 180 300 375 48 21 246 234 269 212 277 112 320 435 106
7 DS
20 367 465 443 275 116 55 145 218 475 62 154 307 231 223 115 284 313 15 75 71
7 CS
20 388 171 26 439 435 88 292 56 338 122 76 437 6 57 443 272 36 425 340 413
7 EE
20 353 448 35 248 312 99 257 172 125 338 78 336 31 478 490 262 238 491 381 71
7 CS
20 27 166 199 372 246 142 42 78 403 285 298 288 274 117 287 479 235 334 250 19
7 CS
20 363 119 460 367 170 281 482 493 254 89 234 273 117 375 7 311 64 104 85 171
7 MA
20 123 79 407 397 353 23 317 93 481 462 361 134 280 165 496 272 487 352 454 497
7 DS
20 49 79 441 314 298 470 300 128 141 202 449 230 241 387 210 316 468 309 39 42
7 MA
20 6 341 474 314 149 145 24 224 277 33 96 151 441 89 416 361 347 137 209 307
7 CS
20 192 198 341 140 232 321 281 215 229 348 298 312 148 213 479 357 310 168 90 422
7 DS
20 495 60 288 215 135 227 46 455 449 392 129 328 416 285 338 425 23 158 84 464
7 EE
20 161 130 101 350 174 27 335 391 478 163 324 256 311 62 291 362 92 0 103 164
7 EE
20 297 75 233 425 112 224 131 41 167 174 411 295 190 376 476 89 14 257 163 420
7 DS
20 388 152 112 477 243 377 279 160 344 341 230 257 444 78 408 100 6 108 246 364
7 EE
20 372 268 462 203 134 489 199 348 481 457 99 466 420 364 417 219 161 42 413 213
7 EE
20 429 325 58 300 163 198 164 308 211 434 115 291 214 324 483 189 262 377 62 204
7 DS
20 240 150 489 367 98 239 495 32 104 300 430 385 391 5 74 472 140 316 337 439
7 MA
20 156 242 480 497 309 41 145 45 412 472 135 246 14 449 151 244 260 164 83 102
7 CS
20 342 267 145 357 456 424 487 97 146 479 76 452 194 108 128 116 400 236 340 259
7 DS
20 75 341 65 180 37 438 74 9 62 434 361 238 417 279 458 390 347 411 433 105
7 MA
20 270 499 444 416 85 337 173 462 296 322 89 482 12 87 38 272 196 190 458 425
7 DS
20 32 408 463 96 48 472 149 460 175 237 218 389 465 489 383 351 367 355 477 309
7 MA
20 432 392 25 300 164 264 414 184 132 355 480 316 253 405 448 263 326 129 95 42
7 MA
20 63 183 59 293 47 30 95 467 205 461 318 390 102 2 339 303 470 315 314 68
7 MA
20 302 257 80 365 207 340 318 128 63 34 484 485 498 263 48 212 387 45 148 89
7 EE
20 300 40 179 26 316 213 205 18 231 410 273 51 324 345 295 70 28 53 398 152
7 DS
20 118 270 91 344 136 427 80 36 388 214 169 40 55 186 403 244 33 443 85 97
7 EE
20 131 177 407 307 391 377 497 440 496 99 246 408 308 222 216 104 10 210 31 444
7 EE
20 183 54 166 406 312 201 20 215 135 353 163 161 421 300 118 261 373 339 14 467
7 EE
20 394 88 177 315 492 291 318 412 300 385 241 50 430 61 27 407 253 123 440 113
7 CS
20 201 292 185 308 77 495 307 493 368 443 58 113 344 291 446 277 282 470 220 408
7 DS
20 191 166 334 22 24 498 268 201 366 27 140 53 392 360 279 316 149 276 218 133
7 DS
20 193 448 269 185 277 374 17 307 383 204 388 34 449 188 438 178 73 419 238 217
7 EE
20 106 421 498 210 149 290 465 36 76 205 410 432 25 309 459 284 425 464 349 337
7 DS
20 56 361 494 180 142 164 15 344 401 396 163 201 143 488 307 157 121 1 198 186
7 EE
20 78 334 222 193 73 183 316 36 251 290 208 338 16 333 371 472 267 249 204 470
7 DS
20 181 145 102 314 433 410 66 345 71 446 379 72 367 295 482 471 61 242 221 249
7 EE
20 304 375 359 198 364 410 382 436 432 250 230 100 253 211 360 383 112 7 252 461
7 EE
20 136 157 478 379 452 437 60 451 44 440 14 117 38 195 139 129 336 277 163 332
7 MA
20 119 467 475 287 102 469 185 260 97 230 384 342 67 276 63 316 180 477 399 120
7 MA
20 102 317 69 160 287 499 32 408 144 20 450 89 497 41 295 159 21 165 261 179
7 EE
20 373 317 141 385 309 69 210 464 280 218 429 41 496 359 396 256 19 263 155 293
7 MA
20 280 221 211 457 316 118 196 416 286 371 296 276 455 155 266 418 278 305 303 337
7 CS
20 128 301 381 125 245 57 438 68 176 194 427 80 476 246 130 108 113 260 216 439
7 EE
20 122 220 92 436 306 22 256 28 456 108 297 90 380 344 237 189 382 80 57 116
7 MA
20 449 132 382 285 77 373 43 407 130 438 265 410 355 379 409 253 371 220 423 288
7 MA
20 399 74 200 317 138 182 419 36 311 489 437 129 20 100 50 91 64 75 201 31
7 DS
20 116 354 345 106 197 50 218 355 495 377 136 57 110 476 199 407 246 213 87 256
7 EE
20 267 320 109 476 12 52 335 100 434 222 470 18 210 294 300 177 152 246 117 385
7 EE
20 114 291 350 286 420 454 198 456 154 264 182 417 341 147 396 385 218 484 50 436
7 DS
20 328 183 12 358 341 474 398 393 37 92 430 96 489 152 451 60 287 488 418 477
7 EE
20 87 164 473 107 184 51 399 498 46 152 195 135 273 109 200 182 26 346 452 286
7 DS
20 60 456 116 320 318 64 306 486 87 367 289 372 189 463 494 292 38 194 130 55
7 EE
20 436 385 317 17 391 30 366 345 224 356 463 408 119 322 482 338 465 438 86 257
7 DS
20 240 347 68 55 360 259 167 37 157 468 113 45 223 215 455 56 255 491 97 323
7 MA
20 454 76 236 189 115 14 152 142 67 312 176 387 141 278 258 359 440 186 306 64
7 EE
20 464 373 174 7 338 312 189 387 436 214 72 29 154 300 308 395 53 377 487 354
7 EE
20 369 136 308 34 101 188 286 466 122 351 155 111 19 232 96 50 468 472 158 236
7 DS
20 389 10 435 129 395 477 2 280 253 215 177 161 71 324 244 97 229 304 282 165
7 EE
20 290 342 412 216 362 291 295 442 341 461 125 168 339 252 106 401 234 289 397 69
7 CS
20 159 61 388 181 252 490 210 126 148 370 276 435 175 282 293 286 8 98 203 70
7 MA
20 47 494 207 384 391 447 77 348 266 185 76 419 334 260 270 425 135 136 128 3
7 EE
20 442 406 26 152 38 372 334 264 36 78 199 490 177 216 318 352 7 66 353 175
7 DS
20 22 431 167 179 498 65 304 312 323 164 105 216 400 331 256 2 318 121 146 174
7 DS
20 313 114 294 395 219 472 424 93 304 15 204 398 138 379 498 153 195 13 306 104
7 MA
20 387 103 426 25 24 148 93 253 180 392 441 356 244 300 284 435 397 222 172 411
7 CS
20 331 30 93 60 143 482 177 327 142 417 90 479 325 311 77 12 364 306 397 18
7 DS
20 143 139 194 466 376 279 266 377 292 87 495 1 276 389 6 24 465 310 283 325
7 DS
20 494 471 441 493 136 391 421 310 316 281 238 228 42 419 355 430 151 336 7 396
7 EE
20 390 345 155 31 436 27 174 85 40 372 425 373 73 33 380 7 235 426 92 353
7 DS
20 238 96 496 268 365 346 11 20 348 55 48 2 162 235 369 227 295 464 431 319
7 EE
20 383 450 442 455 211 309 313 12 473 345 198 338 85 312 35 0 42 434 91 357
7 CS
20 350 408 396 146 224 370 32 38 293 429 377 404 277 406 202 185 248 6 440 235
7 CS
20 406 89 61 315 409 2 68 331 455 214 4 11 307 40 318 179 369 207 122 347
7 MA
20 306 266 133 198 207 335 181 261 284 132 45 123 438 18 378 22 20 42 321 345
7 EE
20 207 193 198 329 296 267 64 30 123 182 361 454 94 327 360 151 355 243 86 109
7 EE
20 99 353 493 487 325 127 303 326 174 425 300 282 372 269 459 41 120 344 133 70
7 MA
20 162 111 432 397 474 98 191 389 82 108 38 93 182 429 251 208 179 263 27 372
7 CS
20 90 446 257 481 363 367 439 54 406 4 277 425 129 440 11 112 216 177 64 199
7 DS
20 309 56 347 0 318 284 434 398 314 95 152 126 181 461 338 475 102 252 251 315
7 EE
20 343 76 92 156 476 179 0 100 225 474 142 246 77 16 223 13 166 226 399 311
7 MA
20 332 493 131 466 390 179 177 212 224 9 348 81 50 170 180 409 428 44 326 307
7 DS
20 377 181 282 468 130 327 368 241 43 247 240 101 11 25 259 488 98 134 394 231
7 EE
20 152 277 136 317 220 256 487 390 268 419 400 206 51 11 423 493 57 19 332 448
7 CS
20 160 119 377 115 98 15 134 57 173 216 478 31 252 244 441 68 194 130 20 164
7 EE
20 220 117 197 374 257 330 298 302 474 16 283 488 7 396 306 66 13 284 498 73
7 DS
20 350 172 486 445 39 307 308 34 478 294 349 426 441 37 344 200 52 8 12 281
7 MA
20 196 134 422 497 469 108 184 496 241 117 276 265 256 344 9 228 312 118 306 201
7 EE
20 203 437 109 72 464 387 189 44 294 116 291 399 474 326 100 182 161 40 292 27
7 CS
20 259 112 446 173 388 394 264 179 435 94 233 351 200 486 147 277 77 417 453 11
7 EE
20 186 425 138 30 485 37 445 262 260 73 388 87 432 176 15 109 423 192 157 463
7 CS
20 299 288 302 359 167 190 357 62 28 363 498 137 78 426 90 409 400 456 94 229
7 DS
20 249 366 76 133 179 242 207 364 412 460 153 266 239 372 385 171 218 24 459 102
7 EE
20 309 457 100 315 75 496 215 262 144 466 234 308 174 462 63 156 276 430 187 193
7 EE
20 131 240 341 95 66 59 206 99 352 480 202 263 47 485 203 329 372 80 262 493
7 EE
20 202 131 401 15 429 253 83 209 376 464 387 411 241 8 449 428 88 43 217 204
7 MA
20 22 51 318 123 321 0 224 269 469 459 204 177 470 96 329 257 33 462 133 435
7 CS
20 176 245 460 261 194 375 417 146 239 388 167 11 177 263 327 90 124 97 134 432
7 EE
20 450 226 318 444 139 283 377 161 119 431 184 35 214 308 496 370 487 346 262 464
7 DS
20 304 243 168 444 477 13 200 111 414 6 286 258 42 20 52 306 101 373 471 325
7 MA
20 217 56 150 55 442 312 74 227 183 446 452 14 290 7 32 244 73 219 316 101
7 DS
20 190 179 58 152 251 23 111 495 238 474 203 201 200 116 231 11 28 337 65 17
7 EE
20 5 412 254 103 185 382 240 20 70 97 250 196 168 143 94 171 290 228 14 160
7 CS
20 319 428 390 147 406 190 144 24 164 230 16 444 65 64 100 58 140 481 321 393
7 CS
20 199 76 26 52 40 94 380 404 377 217 189 382 231 60 346 115 18 23 239 348
7 DS
20 28 473 438 104 66 31 344 293 170 237 88 54 16 36 231 333 163 166 459 339
7 EE
20 338 103 33 312 30 299 287 404 189 58 73 214 354 167 394 437 265 307 138 451
7 MA
20 240 347 251 395 499 36 259 319 433 214 437 219 115 137 360 386 64 465 275 189
7 CS
20 456 252 390 63 84 64 106 315 345 496 161 406 434 192 306 279 424 431 444 128
7 CS
20 71 142 326 359 472 228 99 363 483 257 343 173 256 167 276 180 341 116 131 383
7 MA
20 74 143 491 41 332 253 107 414 418 468 371 457 411 21 34 1 455 144 305 352
7 DS
20 355 321 218 49 135 333 304 65 104 351 98 396 96 383 27 492 177 6 8 22
7 CS
20 351 406 284 397 133 162 401 474 300 448 167 94 481 280 336 205 136 263 471 451
7 MA
20 211 252 476 400 368 232 326 440 342 63 452 413 293 141 241 150 34 39 208 218
7 MA
20 383 49 303 18 321 172 311 410 476 195 21 319 339 428 366 122 229 253 163 344
7 CS
20 83 420 365 194 68 311 346 190 296 14 387 419 415 278 85 135 344 151 341 171
7 CS
20 174 244 394 460 179 44 342 470 227 494 456 472 20 38 84 125 386 412 106 389
7 MA
20 448 258 21 352 140 319 496 2 255 321 387 418 230 52 91 472 458 75 339 141
7 DS
20 282 166 232 98 229 381 193 256 213 7 299 59 286 90 159 419 471 287 361 306
7 MA
20 262 448 178 145 202 300 472 83 196 338 122 99 211 276 269 77 162 248 473 485
7 CS
20 65 308 37 364 182 288 478 5 455 395 155 290 82 277 211 4 327 475 23 227
7 MA
20 52 191 137 38 260 353 389 363 384 373 207 186 21 15 354 89 20 219 308 409
7 DS
20 122 490 398 229 13 28 285 60 158 281 37 43 188 84 0 318 168 405 68 201
7 EE
20 326 47 487 133 477 8 334 14 346 154 220 131 118 162 382 139 277 209 309 73
7 DS
20 384 494 297 476 323 122 328 495 153 237 50 60 135 124 53 16 396 102 456 76
7 DS
20 247 465 59 98 218 298 441 32 379 419 143 270 316 186 84 241 360 18 96 185
7 CS
20 108 498 230 458 355 244 339 396 95 226 26 261 322 91 32 29 420 253 394 255
7 DS
20 116 280 38 388 351 315 449 101 210 185 158 477 172 471 184 365 497 367 349 114
7 EE
20 51 467 266 484 91 29 458 100 9 14 487 46 201 334 170 207 145 180 332 303
7 EE
20 482 136 215 287 189 235 373 193 340 283 12 428 460 434 99 38 457 178 493 132
7 MA
20 321 247 457 285 244 463 79 184 273 264 178 278 231 67 31 123 114 281 255 284
7 EE
20 101 252 184 135 345 421 33 447 451 380 9 170 63 236 203 86 311 386 398 12
7 EE
20 499 89 53 445 180 395 194 369 172 99 496 230 375 339 211 392 419 238 102 322
7 DS
20 413 347 389 158 476 198 149 485 310 369 307 49 77 209 155 354 317 141 177 294
7 EE
20 108 158 404 365 36 63 173 370 190 263 422 230 397 272 9 280 152 260 316 406
7 CS
20 356 64 194 304 475 484 28 316 310 209 392 498 394 136 197 192 187 107 147 211
7 MA
20 287 397 319 491 84 338 15 44 285 117 324 446 407 196 352 250 496 404 296 330
7 EE
20 380 131 347 163 41 334 279 186 304 13 60 481 360 282 165 429 58 368 420 81
7 CS
20 105 40 335 322 111 438 472 367 278 436 12 437 154 167 95 52 81 23 11 406
7 EE
20 360 71 75 100 277 114 386 484 474 29 22 414 308 118 185 346 10 462 286 387
7 EE
20 206 208 231 282 354 158 24 11 297 335 473 48 9 25 488 179 359 75 420 110
7 CS
20 60 126 382 413 97 11 375 315 124 257 68 88 95 388 128 263 239 486 194 202
7 CS
20 239 380 472 430 114 327 399 192 345 387 159 352 65 340 12 145 95 314 487 8
7 CS
20 7 90 27 159 15 208 3 251 307 115 243 197 237 255 418 25 1 468 448 97
7 DS
20 184 204 313 300 153 364 188 343 305 347 402 301 91 219 287 133 32 303 412 29
7 EE
20 412 189 432 76 310 154 190 452 338 234 460 214 341 364 399 220 397 0 473 377
7 DS
20 3 14 44 246 114 336 116 10 412 330 424 32 177 25 269 84 367 192 223 89
7 DS
20 471 270 20 247 365 294 93 416 298 218 96 398 10 422 331 347 203 216 84 457
7 MA
20 323 338 313 173 436 232 285 159 239 482 304 312 271 190 349 353 321 206 56 207
7 CS
20 372 343 200 212 32 106 329 179 103 361 356 99 265 330 36 295 5 345 209 233
7 EE
20 366 217 121 198 483 481 345 177 141 310 8 493 153 365 192 326 115 368 9 435
7 MA
20 436 285 22 367 80 469 141 189 125 455 442 476 85 336 127 429 449 139 369 405
7 DS
20 378 207 43 9 196 493 375 50 350 392 84 327 224 73 408 8 12 185 52 313
7 EE
20 478 118 272 390 140 313 181 147 199 386 10 178 103 77 252 368 233 25 312 195
7 EE
20 460 178 85 277 190 208 309 283 203 487 3 201 365 296 323 480 217 120 118 378
7 EE
20 220 70 179 451 426 100 260 155 211 324 51 152 183 437 78 473 332 210 338 390
7 CS
20 0 364 5 208 214 148 343 40 335 227 90 275 438 124 11 328 67 359 128 193
7 MA
20 53 72 52 225 4 324 87 419 483 183 99 196 50 340 173 466 307 396 241 299
7 MA
20 290 314 107 255 196 27 345 78 412 150 312 261 399 6 467 285 4 201 118 421
7 CS
20 271 86 133 59 20 317 197 326 105 485 17 96 106 360 356 39 304 151 249 460
7 MA
20 261 416 384 65 28 418 231 153 172 156 432 498 366 164 484 85 180 183 304 300
7 MA
20 2 47 414 171 144 108 491 242 288 37 169 337 34 118 321 476 409 352 378 193
7 EE
20 372 429 125 86 272 203 99 437 487 63 324 354 447 14 348 62 346 462 403 341
7 CS
20 167 332 73 323 396 413 434 463 85 481 236 202 46 307 15 440 384 451 462 4
7 DS
20 104 322 84 247 416 176 215 163 252 185 274 355 208 136 91 40 32 234 478 8
7 EE
20 56 162 341 210 265 373 73 43 459 318 255 322 185 0 256 194 386 460 452 33
7 MA
20 36 105 459 377 260 245 493 351 250 278 214 454 388 140 363 169 151 292 8 73
7 EE
20 180 182 386 322 36 404 149 115 260 333 24 185 99 478 470 189 70 12 382 258
7 DS
20 399 141 318 71 395 135 478 51 162 461 18 307 49 234 496 477 329 489 441 83
7 MA
20 447 451 294 386 463 208 305 455 30 24 291 233 111 221 88 446 23 434 211 299
7 MA
20 193 255 443 126 349 67 397 213 104 113 318 299 462 336 183 496 466 290 378 410
7 MA
20 81 114 74 79 244 446 280 223 308 342 165 299 454 469 152 120 101 242 387 118
7 MA
20 183 75 76 140 335 279 466 158 174 59 180 154 383 321 119 143 91 187 393 102
7 EE
20 118 448 326 417 14 103 8 204 292 154 249 161 297 439 332 284 152 184 320 273
7 DS
20 53 221 163 26 314 105 274 229 157 324 69 398 156 116 292 0 451 223 453 321
7 DS
20 223 185 33 17 486 427 387 142 237 469 59 65 41 364 218 331 217 74 344 461
7 EE
20 437 475 452 6 377 0 350 269 395 189 74 483 144 46 70 480 109 278 399 322
7 EE
20 43 193 492 390 499 300 395 228 332 446 437 174 109 401 32 341 222 321 214 27
7 DS
20 360 358 167 370 304 215 270 416 243 497 96 82 489 59 91 114 184 107 316 191
7 MA
20 264 43 261 313 345 44 113 238 134 250 111 23 393 474 344 59 246 136 323 42
7 DS
20 243 109 159 188 475 313 421 142 268 199 189 463 78 383 436 6 466 406 449 495
7 DS
20 229 261 104 355 106 61 483 27 427 337 301 131 98 18 188 489 127 309 240 376
7 CS
20 418 205 261 216 107 299 414 55 444 76 20 14 307 331 385 18 39 17 433 158
7 EE
20 196 265 471 152 213 310 193 451 267 247 70 406 130 226 41 326 115 232 259 399
7 CS
20 130 99 314 220 459 370 341 40 14 361 369 90 272 141 15 360 484 257 45 398
7 EE
20 159 42 298 208 100 151 266 351 328 175 384 426 291 388 285 437 325 43 483 460
7 EE
20 368 174 148 482 195 50 13 366 139 456 29 163 74 40 135 387 332 286 437 385
7 MA
20 23 421 295 176 150 81 410 347 139 135 374 301 425 9 326 183 313 466 47 110
7 EE
20 202 361 120 290 321 405 353 160 148 7 465 462 235 470 493 42 116 265 311 490
7 CS
20 465 190 192 10 378 40 481 333 423 99 432 27 388 90 188 292 370 124 159 406
7 EE
20 481 257 401 361 205 490 226 337 410 359 423 203 447 365 330 42 424 89 352 108
7 EE
20 427 189 285 219 496 409 229 340 452 146 194 120 241 10 321 248 240 168 311 406
7 DS
20 243 51 202 156 462 490 247 432 308 149 418 374 50 469 102 460 341 354 209 131
7 DS
20 271 57 96 137 282 101 485 231 305 160 66 453 315 457 41 178 401 495 217 192
7 MA
20 367 204 314 456 278 81 332 43 251 260 26 346 438 343 51 230 74 385 474 175
7 DS
20 270 429 411 408 483 334 145 281 241 245 393 110 314 135 288 425 186 246 1 87
7 EE
20 154 14 111 242 200 412 464 244 174 194 471 314 181 123 49 340 63 439 441 75
7 DS
20 69 98 455 475 122 316 279 109 71 153 0 119 161 91 111 194 432 34 278 460
7 DS
20 3 20 303 147 224 29 471 452 236 296 315 465 329 91 404 227 441 459 200 217
7 MA
20 413 303 84 229 419 14 353 221 416 445 171 169 466 485 96 188 456 174 184 26
7 MA
20 60 421 316 407 366 235 63 53 122 62 125 40 220 470 20 23 397 340 225 208
7 MA
20 42 227 497 364 279 363 149 128 134 228 53 408 405 198 316 487 395 75 175 445
7 EE
20 325 51 491 161 395 232 275 488 262 70 354 308 482 385 194 113 92 368 29 58
100
5 74 142 250 362 406
5 0 52 82 206 293
5 69 230 246 414 443
5 220 260 339 464 478
5 45 145 212 264 446
5 13 30 326 480 490
5 173 211 282 468 469
5 49 112 159 398 409
5 271 280 321 325 435
5 155 272 317 337 425
5 334 382 399 420 467
5 81 111 207 219 427
5 80 118 166 306 415
5 84 110 249 313 402
5 171 222 248 283 332
5 15 25 78 290 473
5 73 109 251 345 350
5 119 170 292 361 456
5 182 200 252 263 289
5 33 168 396 454 458
5 141 146 301 360 372
5 16 65 152 389 429
5 176 238 245 373 394
5 161 177 355 374 460
5 8 197 276 343 390
5 158 186 209 296 305
5 79 261 295 368 383
5 55 67 102 320 481
5 5 130 191 247 266
5 27 43 175 346 366
5 57 148 178 371 439
5 4 71 198 408 450
5 169 184 393 484 489
5 123 192 275 386 499
5 68 133 201 385 419
5 31 215 279 319 329
5 29 96 223 351 354
5 157 288 307 342 449
5 149 153 294 423 472
5 47 104 137 189 455
5 90 107 185 387 488
5 120 179 231 417 463
5 36 243 333 440 445
5 28 227 287 348 358
5 6 44 154 298 400
5 7 40 308 327 428
5 199 224 234 416 461
5 128 181 259 310 338
5 1 37 240 421 433
5 257 300 438 453 491
5 35 48 66 401 459
5 76 377 437 462 482
5 95 316 397 418 431
5 14 134 144 190 365
5 135 242 291 448 495
5 94 138 162 241 267
5 46 194 388 465 486
5 64 117 122 405 498
5 9 105 131 225 392
5 165 232 303 340 497
5 156 187 422 441 493
5 12 324 364 379 432
5 143 309 347 376 430
5 54 147 213 278 404
5 88 229 315 370 485
5 86 124 357 380 407
5 99 164 277 378 442
5 24 108 202 239 369
5 21 253 356 411 412
5 19 58 174 281 312
5 103 193 256 304 494
5 60 97 136 285 447
5 113 139 314 335 477
5 22 41 89 328 476
5 132 172 217 270 410
5 3 51 106 221 444
5 72 214 330 353 395
5 39 216 262 268 269
5 38 188 274 384 403
5 204 244 297 363 452
5 20 254 318 471 475
5 50 125 311 457 466
5 17 140 352 391 474
5 85 151 233 434 451
5 2 42 203 299 479
5 100 126 205 359 424
5 53 93 183 228 237
5 56 150 236 323 436
5 87 116 160 226 349
5 23 32 91 98 302
5 75 77 101 114 470
5 83 195 286 336 483
5 26 62 129 163 265
5 34 70 273 322 413
5 18 121 180 196 496
5 92 167 255 258 487
5 61 218 235 344 381
5 11 208 210 367 375
5 59 127 284 341 426
5 10 63 115 331 492
