400 80
200.0 150.0 5.0
6.82 CS
20 49 50 109 243 47 346 241 121 217 126 283 131 295 128 132 52 394 390 138 272
6.52 CE
20 199 68 80 146 272 125 96 147 98 203 228 122 342 138 164 216 35 21 252 230
8.06 DS
20 300 24 14 322 146 389 88 352 18 269 359 47 91 294 247 236 316 250 103 281
7.17 EE
20 14 258 193 31 144 7 291 170 271 225 97 216 389 137 313 120 150 340 93 266
6.8 CE
20 355 201 28 367 187 87 346 205 374 175 103 2 84 298 67 247 299 16 232 33
6.13 EE
20 318 115 347 46 28 281 246 389 241 323 279 277 222 340 124 56 225 9 92 41
6.99 DS
20 308 121 92 390 185 77 2 44 337 82 172 305 118 214 240 279 177 393 150 71
6.74 EE
20 185 274 255 65 43 241 141 1 310 304 329 4 202 136 328 279 247 112 139 288
7.04 MA
20 269 315 100 262 48 345 256 113 10 285 329 69 183 253 348 105 355 398 162 203
7.6 CS
20 156 398 27 14 153 376 79 3 138 48 59 260 170 181 336 162 281 10 294 393
6.93 MA
20 179 119 30 56 48 51 321 37 41 100 309 180 310 380 394 288 330 219 356 159
6.3 CE
20 294 195 213 304 27 88 114 335 197 181 177 374 287 393 364 95 173 161 291 1
6.06 CE
20 353 184 200 11 53 35 214 309 178 13 131 134 158 332 75 258 197 78 238 121
5.38 MA
20 335 148 247 45 355 131 120 323 233 17 109 179 5 366 316 123 51 31 332 324
5.74 MA
20 256 262 197 20 19 255 293 43 171 261 239 143 158 167 344 250 98 183 225 237
6.69 CE
20 129 52 102 157 122 395 356 189 260 170 59 347 336 322 213 291 50 364 205 91
7.21 DS
20 289 356 190 301 156 293 264 69 124 298 9 130 50 360 263 316 214 113 150 305
6.86 EE
20 309 268 246 3 36 29 368 113 276 91 137 10 255 184 304 371 201 181 245 84
8.45 CS
20 389 381 160 375 10 226 126 290 136 42 194 103 394 244 371 313 140 84 108 307
7.2 MA
20 29 320 48 35 169 211 88 94 338 314 129 224 242 248 41 1 376 183 223 261
5.88 MA
20 164 115 219 345 277 385 288 374 169 126 392 355 342 35 79 5 105 299 376 251
5.62 CE
20 64 258 295 158 312 322 291 356 380 338 1 386 306 305 197 140 208 320 350 148
5.6 CE
20 169 374 365 62 170 164 111 247 168 265 135 236 263 338 129 205 250 237 366 106
7.22 MA
20 330 167 159 265 269 19 374 187 332 156 111 8 239 134 115 160 216 14 142 304
8.36 DS
20 288 367 100 128 398 322 248 39 247 368 373 245 184 244 29 178 290 344 200 223
6.94 DS
20 353 278 122 255 348 295 332 243 54 47 296 315 96 390 88 129 359 75 322 203
6.34 CE
20 301 328 173 122 380 197 348 345 365 374 213 250 369 390 12 11 297 22 21 252
6.66 CE
20 114 306 322 49 55 357 53 75 201 334 337 67 381 370 374 174 301 138 250 265
6.88 CS
20 178 104 155 11 354 139 249 251 315 71 355 349 72 201 300 263 0 172 211 73
7.75 CE
20 176 86 190 288 145 272 46 234 197 170 73 368 310 30 123 246 346 92 129 301
6.85 DS
20 382 212 396 170 318 277 86 381 229 18 387 368 81 201 371 268 355 87 384 15
5.87 MA
20 113 3 356 343 378 186 312 25 349 253 293 303 234 221 363 375 134 392 162 209
8.55 CS
20 309 353 201 33 256 245 165 161 154 75 198 35 228 147 371 188 144 149 53 219
5.74 MA
20 55 5 338 98 396 160 272 48 280 343 309 378 23 226 357 358 96 243 337 85
7 CE
20 233 358 159 19 131 179 5 190 229 224 380 75 139 311 177 162 35 278 323 262
5.39 CE
20 387 376 15 319 91 380 176 388 36 136 170 244 27 108 117 55 88 4 26 365
5.97 CE
20 240 111 303 162 177 140 158 278 218 246 114 293 307 260 27 372 342 84 209 272
7.29 EE
20 225 245 349 72 263 218 384 356 52 242 313 392 79 89 155 348 308 315 398 333
9.32 DS
20 282 94 153 323 30 371 123 92 390 379 81 199 57 332 281 271 231 165 298 208
6.76 MA
20 10 159 203 211 297 330 222 158 49 351 320 292 312 383 341 43 182 337 365 63
6.43 EE
20 33 7 313 284 236 124 209 336 187 27 23 326 100 159 30 21 299 324 191 280
9.22 CS
20 102 17 145 242 155 329 200 361 45 333 106 254 299 263 66 358 295 307 326 67
7.77 EE
20 8 275 26 75 234 13 238 120 268 256 133 150 259 373 309 82 52 5 169 139
7.08 MA
20 241 23 85 310 251 226 317 14 338 91 68 96 232 78 261 165 220 163 265 148
6.79 MA
20 0 149 399 303 380 219 116 293 191 14 8 262 232 269 317 390 7 378 257 55
7.02 CS
20 234 177 144 229 115 62 6 53 345 197 95 174 10 294 203 183 79 196 316 120
6.11 MA
20 43 218 391 78 396 303 63 94 199 61 293 10 357 367 251 358 310 351 352 23
8.56 DS
20 193 180 209 133 117 79 361 106 216 192 40 89 170 273 33 322 23 341 87 368
8.19 CS
20 184 319 72 228 281 192 380 322 49 113 166 105 175 349 90 289 75 379 157 311
7.28 CE
20 114 19 27 82 181 110 36 376 146 393 289 11 374 347 16 175 71 67 99 91
7.8 DS
20 293 201 61 262 62 290 131 105 82 339 254 283 251 135 23 143 56 305 238 45
7.28 CE
20 298 35 376 95 191 7 297 341 178 299 177 122 23 348 214 264 46 270 167 209
7.07 DS
20 173 253 112 396 241 60 325 355 344 254 246 99 310 4 237 203 386 160 326 399
8.22 EE
20 236 193 88 137 278 10 16 156 303 253 367 360 316 234 92 254 359 61 315 399
7.45 DS
20 88 14 137 316 274 92 253 396 271 148 103 279 380 357 247 397 310 64 269 300
7.16 CE
20 137 148 100 245 170 238 155 132 262 154 47 385 266 271 160 241 350 122 255 296
7.03 EE
20 319 119 239 336 53 241 5 250 17 74 258 156 392 347 314 368 367 326 3 147
6.76 EE
20 53 366 141 327 102 330 160 264 365 208 340 303 74 19 382 313 28 93 14 275
7.79 DS
20 299 111 295 246 290 47 250 305 140 8 36 237 132 45 126 394 127 54 386 92
6.01 MA
20 349 325 107 313 376 329 391 239 70 96 293 188 143 333 210 158 114 374 22 222
5.73 DS
20 305 372 322 298 243 189 280 50 269 80 339 134 155 207 188 16 129 166 38 130
6.67 DS
20 351 278 47 342 23 184 80 162 363 364 160 140 148 18 263 152 225 186 317 46
5.57 MA
20 343 108 352 215 29 351 119 268 338 197 51 32 146 353 346 40 363 192 284 232
6.03 MA
20 43 360 8 153 106 158 262 341 10 204 171 256 115 246 182 253 219 274 113 264
6.28 CS
20 105 350 351 177 4 300 13 47 354 138 84 114 309 213 44 231 314 127 77 212
6.7 EE
20 53 369 244 81 251 150 284 189 70 89 300 116 137 205 166 378 268 34 206 236
9.39 CS
20 140 236 72 385 244 386 28 363 172 123 103 61 371 193 222 315 9 41 192 131
7.65 DS
20 324 99 168 379 273 341 89 197 53 198 129 69 333 225 320 7 41 27 385 177
6.31 DS
20 176 142 38 214 243 65 10 66 185 188 40 60 147 109 106 275 366 17 353 310
6.53 MA
20 89 274 125 235 238 276 288 337 23 129 295 325 254 386 109 326 145 236 110 388
6.61 EE
20 365 144 155 272 319 125 60 92 273 363 280 42 85 374 121 105 91 336 255 324
6.64 CS
20 192 281 217 54 222 276 300 353 104 320 133 233 385 122 36 369 318 151 263 378
7.51 CS
20 105 263 394 106 158 9 14 384 48 385 271 211 145 185 3 123 18 148 369 382
7.68 CS
20 320 310 227 6 17 260 269 385 254 255 93 349 377 191 82 190 354 344 208 85
7.44 EE
20 233 346 17 266 211 168 65 140 42 139 190 63 328 90 170 230 196 336 84 393
8.21 DS
20 351 146 272 16 180 184 148 356 58 2 273 119 249 299 396 305 61 242 333 338
7.25 EE
20 5 110 31 389 394 259 296 281 238 203 252 94 205 91 245 371 348 376 202 175
6.47 EE
20 100 317 22 53 319 97 58 149 92 393 177 281 158 199 238 14 247 340 63 183
6.46 MA
20 138 268 67 328 246 336 127 11 86 251 272 281 391 143 249 34 378 46 82 224
6.01 MA
20 30 354 149 262 25 378 153 95 39 158 274 65 189 67 38 295 374 41 124 284
7.8 DS
20 82 373 272 72 268 262 40 333 51 344 256 98 237 133 100 12 317 64 94 259
6.51 EE
20 336 230 223 387 294 189 366 216 105 124 28 88 65 288 267 139 277 395 193 323
7.84 CE
20 248 68 129 21 388 297 279 356 91 135 132 27 213 173 175 302 393 157 179 207
6.93 DS
20 5 167 137 85 50 232 41 39 116 282 166 332 202 274 103 56 108 362 185 290
7.68 DS
20 341 222 158 296 253 9 89 100 192 163 68 165 72 204 281 230 63 311 302 190
7.01 EE
20 65 393 118 93 202 359 17 394 53 167 96 11 62 235 210 168 275 314 137 144
6.92 CE
20 304 331 38 34 212 1 4 341 164 134 338 387 48 117 56 11 302 393 29 300
9.07 CS
20 140 67 32 220 71 1 142 224 392 390 147 393 19 387 386 338 369 370 50 58
6.45 CE
20 239 35 175 252 291 214 195 55 319 46 112 51 129 330 231 395 188 139 258 23
7.41 EE
20 118 21 56 83 313 378 5 162 243 214 375 339 353 77 75 261 354 170 211 38
7.7 CE
20 108 278 290 337 302 149 223 151 184 174 135 133 229 159 137 332 118 160 197 366
6.28 CE
20 115 398 202 122 117 387 164 393 314 259 86 176 307 345 108 346 340 55 88 231
6.97 EE
20 333 65 168 354 150 313 284 137 234 212 233 119 394 174 140 213 235 124 265 326
6.6 EE
20 246 295 159 273 48 150 179 119 373 325 77 5 258 299 174 307 39 11 242 123
8.25 MA
20 344 369 195 244 248 262 299 391 396 174 204 14 289 103 175 133 167 126 148 274
6.76 CE
20 325 246 164 288 351 140 295 300 294 304 0 158 28 345 93 229 79 273 388 236
7.57 EE
20 85 170 188 354 392 312 324 22 267 86 149 47 45 280 112 346 212 290 369 266
7.35 CS
20 331 140 302 391 23 207 82 42 77 244 349 370 66 191 135 122 59 200 103 189
5.96 MA
20 204 44 254 283 268 149 324 59 334 322 105 85 144 132 314 155 82 350 80 160
7.08 CE
20 242 18 380 333 49 323 241 10 284 30 229 350 263 204 127 15 173 236 13 11
7.24 EE
20 117 64 103 310 95 183 119 92 233 152 176 298 283 327 23 188 284 58 240 130
6.11 CS
20 351 243 310 89 47 215 44 193 381 25 204 289 108 286 71 38 348 3 194 174
6.84 EE
20 112 93 139 235 3 120 225 2 47 115 396 394 281 81 141 89 241 100 54 397
7.28 CS
20 117 288 318 381 12 93 299 107 47 32 245 246 111 92 159 137 347 74 101 119
7.65 CS
20 162 255 4 360 356 171 183 102 112 152 141 100 87 387 26 245 63 134 358 193
7.07 DS
20 211 108 65 52 272 305 106 47 155 60 334 75 368 366 316 243 207 6 58 254
8.57 DS
20 179 147 214 346 83 77 33 250 264 207 254 80 3 231 349 180 387 291 91 287
5.3 MA
20 372 383 262 228 19 392 256 293 289 128 108 274 186 23 203 275 31 336 379 239
8.52 CE
20 211 60 114 198 335 6 82 164 275 190 110 4 125 354 106 76 32 213 247 197
6.54 MA
20 173 45 15 334 186 325 128 393 306 167 57 75 32 248 229 242 386 168 100 165
6.29 CS
20 22 377 334 112 131 384 399 307 250 341 149 351 88 35 85 381 352 97 203 312
8.18 CS
20 64 73 155 11 100 110 87 273 80 358 214 104 7 225 147 350 44 115 16 362
7.31 EE
20 142 325 160 73 350 53 21 113 356 248 175 228 25 40 299 390 89 13 146 279
6.9 MA
20 94 2 389 207 10 124 172 150 212 324 121 148 396 44 322 318 27 315 340 225
7.2 CE
20 273 23 123 248 174 224 180 348 134 175 83 365 179 331 177 204 390 287 230 94
5.7 MA
20 270 125 370 58 275 263 164 325 223 178 342 31 399 265 385 77 240 186 252 137
6.76 EE
20 231 292 222 97 67 5 164 359 323 180 200 20 318 386 395 279 50 150 191 54
5.86 CE
20 387 365 149 247 359 30 69 301 374 103 300 100 335 50 175 120 17 137 210 63
5.32 MA
20 29 223 160 299 158 256 2 346 189 241 63 335 261 373 108 20 253 46 317 208
7.39 EE
20 41 230 152 226 194 94 32 354 49 45 277 321 339 193 139 2 100 190 325 9
5.91 EE
20 67 141 22 129 80 107 209 18 25 340 42 360 165 52 253 32 353 221 392 255
8.74 CS
20 162 281 274 102 88 378 230 386 165 333 329 377 61 194 139 119 130 353 108 327
6.73 CE
20 357 23 389 250 271 5 148 99 345 209 90 157 18 170 191 258 393 238 2 215
7.08 CS
20 276 356 267 246 145 160 284 236 23 14 323 108 320 279 96 144 178 199 42 64
7.14 EE
20 137 190 392 156 14 350 114 322 147 331 172 146 385 151 127 144 388 33 319 52
7.28 DS
20 106 339 131 178 247 334 66 368 114 185 246 259 364 373 392 353 352 139 297 341
6.75 EE
20 193 47 250 392 318 19 146 381 283 140 123 133 225 358 257 214 357 40 393 326
6.74 MA
20 46 137 106 227 398 80 223 239 155 246 99 86 58 104 28 115 208 14 38 294
6.17 MA
20 246 33 350 226 142 208 273 73 184 362 372 15 62 55 206 110 6 278 236 64
7.21 CE
20 172 22 235 34 351 7 21 45 28 342 324 143 92 252 305 130 347 163 311 294
7.21 EE
20 7 385 356 129 192 196 105 186 100 221 212 350 151 382 32 103 139 218 163 397
7.25 CS
20 41 369 224 315 291 103 138 262 276 72 236 344 385 250 282 104 321 363 201 182
6.91 DS
20 211 134 32 69 54 87 148 331 394 68 83 97 280 131 168 180 59 100 7 319
7.15 EE
20 42 92 235 76 139 313 191 124 260 96 126 225 196 65 202 327 156 89 283 74
8.21 DS
20 396 50 368 30 83 384 232 250 6 278 198 147 67 372 298 125 288 285 68 305
7.77 DS
20 254 22 343 339 44 178 320 256 51 20 305 67 360 164 23 196 362 384 172 235
6.14 CE
20 379 3 101 181 149 113 66 232 142 248 370 16 301 225 198 392 251 76 288 343
7.39 EE
20 256 67 239 385 199 285 257 267 254 119 279 350 167 356 392 146 278 306 268 132
7.29 CS
20 131 341 135 368 178 172 229 34 228 318 187 16 190 45 119 53 70 211 398 349
7.32 EE
20 129 191 321 164 368 17 326 108 195 343 82 236 158 137 294 53 375 327 245 371
8.56 CS
20 293 381 203 174 267 320 104 28 191 101 212 361 211 160 244 45 9 362 202 386
7.18 EE
20 182 340 120 70 303 57 53 89 225 144 327 235 56 326 279 283 231 275 394 124
6.52 MA
20 53 86 105 366 110 146 369 368 226 345 265 174 62 117 274 254 363 247 350 73
7.68 MA
20 251 332 91 44 334 249 374 125 300 220 379 67 277 20 98 399 285 78 169 185
7.45 EE
20 285 116 226 239 359 44 368 150 231 192 53 65 210 58 293 251 298 241 264 75
7.18 CS
20 351 137 66 123 48 73 375 330 248 259 75 130 111 29 200 349 140 336 117 150
7.95 DS
20 321 282 97 204 396 332 116 336 20 366 373 169 190 259 342 203 308 209 35 189
6.88 DS
20 237 62 242 254 126 277 311 38 119 333 112 198 208 10 286 293 310 244 103 49
6.47 MA
20 158 239 12 341 262 94 338 253 23 240 113 312 292 128 155 395 236 289 51 34
6.65 EE
20 387 146 249 105 256 310 186 284 14 200 174 193 61 127 282 350 243 16 340 96
8.17 EE
20 162 283 328 295 179 96 231 23 195 201 314 116 241 6 102 60 327 81 106 117
7.24 CS
20 11 268 214 328 351 138 359 79 94 303 222 209 45 43 344 48 232 181 84 318
7.99 CS
20 263 167 320 221 19 41 148 144 380 340 122 128 190 351 185 357 345 197 195 50
5.67 MA
20 11 185 167 217 139 380 216 384 289 225 247 248 354 223 154 251 347 178 181 94
6.33 DS
20 230 133 396 38 272 238 316 54 67 125 10 134 183 94 270 258 363 277 207 164
7.9 DS
20 109 168 235 220 125 260 2 324 246 68 95 352 198 189 253 366 225 142 90 194
6.78 EE
20 193 269 194 150 182 251 87 232 297 262 152 298 345 338 329 337 238 57 378 17
6.33 CE
20 32 186 82 118 93 383 195 366 75 260 176 86 381 1 373 301 270 354 396 244
6.88 MA
20 258 300 341 105 154 271 126 326 134 171 34 198 36 342 294 349 142 243 33 39
6.22 MA
20 204 127 143 399 311 5 122 108 96 182 395 66 376 124 92 107 243 368 167 145
8.41 MA
20 244 388 123 342 386 267 90 326 17 152 380 216 148 126 302 197 110 330 287 161
4.89 CE
20 66 192 314 339 381 222 19 89 17 29 34 303 353 205 125 305 342 380 86 283
7.3 CE
20 129 131 22 345 315 328 364 334 291 86 122 348 63 136 250 267 140 103 387 90
5.93 CE
20 178 55 396 308 311 106 194 248 192 18 271 244 179 167 358 290 115 265 243 331
7.23 MA
20 67 152 190 214 32 216 118 205 319 128 36 81 390 224 116 48 131 3 163 74
6.68 CS
20 290 108 170 195 88 117 348 211 141 143 190 18 316 236 358 357 17 215 102 124
6.72 DS
20 317 18 376 81 372 238 184 66 38 273 352 189 111 387 339 23 385 83 322 396
5.1 MA
20 8 362 380 387 80 226 153 151 149 254 200 322 85 122 216 383 345 243 171 220
7.3 EE
20 394 224 33 3 57 388 386 175 102 124 1 266 244 85 177 257 223 27 343 289
6.99 CE
20 22 388 393 364 374 297 121 343 258 214 398 335 129 304 287 35 307 122 387 15
7.55 CE
20 57 260 243 116 60 30 162 290 59 247 234 147 259 319 235 358 195 152 16 398
6.49 MA
20 78 13 116 159 210 204 165 298 292 83 70 261 223 391 150 299 317 166 192 33
7.87 CS
20 73 123 369 361 201 178 315 145 187 300 182 375 131 286 339 305 212 138 354 391
6.62 CE
20 287 51 353 44 310 306 367 127 352 337 98 29 226 380 151 116 99 379 395 146
7.9 EE
20 326 366 35 391 103 187 9 323 36 396 383 385 128 223 64 4 41 260 305 121
5.49 CE
20 27 365 282 194 29 91 269 302 1 184 293 274 45 335 109 323 355 246 35 191
6.23 CE
20 300 266 256 394 90 213 229 399 214 107 4 81 334 74 220 272 135 121 117 101
6.25 CE
20 170 307 367 53 1 355 291 138 219 268 163 364 216 348 214 380 242 238 27 86
8.1 CS
20 9 40 124 16 22 335 140 373 87 339 182 191 41 97 138 113 168 21 70 398
6.44 MA
20 185 89 289 251 164 62 364 173 45 43 64 216 182 148 4 159 143 112 218 86
6.34 DS
20 356 183 41 44 254 127 332 214 152 144 45 167 330 2 139 261 73 194 242 175
5.19 CE
20 345 95 303 393 27 250 346 34 138 365 263 176 380 173 195 86 121 36 171 162
8.21 CS
20 325 257 89 19 276 111 39 154 372 310 347 268 337 255 350 365 397 159 41 56
6.3 MA
20 49 220 389 18 226 66 211 314 84 310 145 52 395 352 134 151 43 181 195 384
7.77 DS
20 312 296 24 54 173 204 308 147 60 372 384 278 137 383 273 6 269 49 59 298
7.99 MA
20 35 247 20 178 108 121 54 32 188 295 73 125 332 189 333 274 144 239 227 355
6.9 MA
20 121 50 345 269 79 188 226 112 273 219 387 157 96 29 124 1 247 23 366 147
7.75 CS
20 9 219 236 220 276 362 299 344 118 0 248 328 152 177 318 212 178 80 221 353
7.21 DS
20 275 281 81 343 372 23 73 101 245 332 191 201 240 336 16 222 271 377 138 62
7.7 DS
20 288 105 372 257 67 267 289 188 360 80 299 50 238 172 258 203 16 83 106 2
7.53 CS
20 217 71 305 174 115 140 296 370 9 241 42 93 349 88 118 344 390 301 83 359
7.65 EE
20 258 144 311 310 327 93 119 314 340 241 17 279 209 359 124 112 235 156 3 133
8.16 CS
20 263 336 223 303 65 373 338 306 131 331 340 327 208 101 210 119 364 286 13 394
7.13 CS
20 296 261 106 315 141 350 397 121 100 180 336 177 105 56 29 367 249 82 387 236
7.48 CS
20 365 169 192 41 259 351 281 18 278 91 377 183 357 162 168 246 397 199 75 58
6.1 CE
20 193 27 177 295 346 203 144 99 301 362 157 291 28 389 237 221 364 243 377 207
6.69 EE
20 74 76 379 7 226 56 340 40 283 326 275 112 139 284 17 156 89 260 217 397
7.11 CE
20 299 359 50 228 175 363 84 107 4 131 94 74 369 317 301 99 321 302 49 313
7.23 DS
20 75 184 14 129 273 255 323 80 157 234 82 172 245 275 0 237 146 329 51 120
8.09 DS
20 205 3 47 387 186 108 363 61 84 253 299 191 229 117 153 262 210 280 57 197
5.65 CS
20 386 349 309 255 66 236 41 369 28 222 220 212 122 97 151 110 336 258 375 263
8.71 CS
20 16 71 267 42 360 371 53 381 353 174 111 99 370 179 350 335 68 221 253 242
7.64 EE
20 244 338 225 64 266 119 76 364 238 331 180 394 254 397 61 205 130 124 176 258
8.28 DS
20 278 243 285 291 383 125 322 154 25 135 84 23 80 396 379 375 146 277 242 333
5.51 MA
20 151 319 112 268 272 231 253 171 263 380 22 364 24 3 32 23 383 164 348 143
8.33 DS
20 162 227 53 132 242 185 88 80 79 397 124 374 357 114 41 118 25 353 17 289
6.81 EE
20 378 92 380 196 318 80 63 133 336 168 193 319 102 310 353 260 349 17 179 330
7.2 DS
20 360 81 43 287 174 398 250 49 147 59 343 226 306 38 273 230 339 397 130 376
6.89 MA
20 113 78 9 90 294 23 155 292 105 81 185 203 53 310 363 169 137 351 115 235
7.17 EE
20 258 395 347 14 70 279 120 284 56 266 174 96 76 241 65 310 149 392 140 20
5.1 MA
20 234 359 264 295 318 18 175 97 30 290 108 270 91 275 49 169 188 104 347 211
9.2 CS
20 332 57 279 285 58 270 394 169 122 217 219 74 146 18 32 37 103 371 236 397
8.62 CS
20 280 143 337 34 224 236 19 182 178 383 88 183 109 149 197 2 86 188 352 156
7.31 CE
20 216 308 31 7 215 91 191 293 317 109 70 188 12 369 151 25 211 310 113 265
6.82 CE
20 178 236 255 374 155 396 324 203 174 4 168 173 104 232 225 287 278 339 306 207
6.69 CE
20 128 67 77 258 342 151 391 371 389 103 364 101 250 312 243 236 317 5 178 144
6.78 MA
20 383 87 180 313 89 84 23 235 4 373 345 187 126 196 207 162 203 356 167 306
7.04 EE
20 88 219 260 290 0 42 25 19 387 369 131 87 378 100 230 284 234 338 190 147
5.4 MA
20 94 164 341 360 256 293 261 183 240 265 349 399 246 8 239 223 317 56 18 233
6.37 MA
20 396 242 160 294 227 389 43 264 248 233 306 386 9 312 172 138 62 92 140 183
6.22 CS
20 355 159 185 34 166 334 203 190 174 197 60 1 50 42 236 51 27 250 227 235
6.6 CS
20 279 337 396 17 216 40 373 298 96 335 140 192 183 389 349 341 31 89 230 276
7.41 CS
20 43 292 237 95 106 246 316 189 384 238 38 357 104 146 322 172 333 98 201 27
6.22 MA
20 127 386 268 143 274 253 204 267 53 175 158 104 96 399 262 47 323 216 211 218
6.62 CS
20 238 198 387 97 9 17 309 339 34 99 256 392 369 295 192 10 282 367 257 58
8 EE
20 3 310 295 118 25 304 284 13 324 23 34 93 113 89 245 16 103 49 22 226
7.56 EE
20 129 87 74 327 162 4 156 56 155 39 131 284 356 262 6 80 90 36 65 96
6.44 MA
20 127 257 274 20 169 113 259 361 158 152 371 315 14 80 224 155 271 264 53 99
6.69 MA
20 185 304 338 115 78 293 200 321 323 116 231 99 264 145 371 374 391 280 361 336
6.9 CE
20 265 280 328 53 182 289 154 306 249 238 165 1 169 224 144 4 301 197 29 291
7.97 CS
20 126 135 128 294 261 281 386 326 200 148 290 53 87 23 97 267 224 14 36 139
7.92 EE
20 136 152 336 41 124 56 366 223 249 129 144 380 0 248 334 303 45 333 13 273
6.7 DS
20 333 299 396 259 58 270 285 332 278 315 29 363 198 353 283 132 134 342 267 91
6.81 MA
20 219 305 62 268 289 225 319 61 8 316 218 64 297 391 399 186 153 197 41 338
7.44 EE
20 42 108 124 90 241 158 310 394 392 40 174 89 217 366 304 376 306 186 342 92
8.27 EE
20 168 50 360 328 307 300 335 262 169 219 85 226 26 244 141 55 121 281 36 341
9.54 CS
20 339 278 303 370 189 134 184 347 8 239 286 211 138 371 396 19 73 185 108 74
5.75 CE
20 82 4 86 195 380 15 90 277 1 51 135 155 250 175 288 21 337 212 330 27
6.85 DS
20 379 58 198 342 60 290 363 184 366 135 272 298 273 259 188 24 134 47 232 277
8.04 MA
20 253 204 325 90 344 371 142 289 363 41 333 75 304 39 288 138 137 323 85 154
6.45 MA
20 306 262 43 186 317 128 108 98 23 217 139 360 332 325 171 239 351 158 20 299
6.9 EE
20 319 176 266 385 75 48 254 161 11 333 219 156 155 272 36 260 87 193 60 279
6.22 DS
20 32 70 364 0 211 75 61 298 87 341 304 207 247 131 210 322 290 63 171 54
7.26 DS
20 43 349 244 147 152 110 246 106 309 211 29 340 157 331 89 45 260 133 180 12
8 CS
20 212 355 286 352 364 131 192 386 174 231 238 354 300 342 18 0 175 236 199 397
7.03 CS
20 71 250 60 390 192 35 327 186 100 59 18 134 103 14 389 354 49 379 10 92
8.6 MA
20 366 113 293 255 289 243 5 235 239 385 348 17 41 140 150 343 107 194 368 30
7.54 DS
20 204 1 395 333 344 125 326 369 134 53 168 104 23 282 380 234 2 225 37 200
5.83 MA
20 356 398 18 33 320 341 180 99 294 276 127 68 191 369 111 45 202 13 246 350
7.9 CS
20 377 100 244 32 86 287 275 297 140 90 329 19 144 193 270 178 66 237 149 102
7.23 CE
20 39 386 319 330 287 174 110 24 100 2 349 1 271 16 45 6 68 97 50 214
7.2 MA
20 36 330 85 274 383 111 349 273 70 67 171 146 13 167 317 79 182 332 325 223
6.56 CE
20 127 71 234 162 70 387 29 349 11 307 322 148 246 41 13 337 213 393 309 36
5.65 MA
20 125 287 69 184 162 272 21 96 372 83 385 91 339 142 45 46 271 323 44 337
6.82 DS
20 340 298 66 174 384 294 346 328 251 236 367 40 168 373 69 185 113 289 136 135
7.24 CS
20 129 31 245 147 14 44 197 331 85 123 230 339 99 174 274 73 121 326 53 131
7.53 MA
20 47 151 92 23 153 265 233 33 365 162 187 180 7 313 352 321 235 130 71 263
6.99 CS
20 191 249 45 18 111 260 398 227 362 376 67 60 193 385 159 104 130 386 79 189
7.45 EE
20 82 359 211 386 162 217 73 284 347 108 31 89 174 35 373 293 289 378 26 342
7.91 DS
20 106 294 385 326 363 58 305 229 281 47 232 285 278 60 110 280 308 222 238 2
7.08 EE
20 359 100 133 258 168 328 235 77 156 78 7 2 209 228 191 283 286 196 56 296
7.18 MA
20 233 265 44 209 63 330 391 127 268 151 148 10 185 190 210 204 297 274 48 222
6.53 MA
20 312 182 340 163 103 153 344 95 331 120 60 159 185 90 223 208 18 232 350 14
6.57 CS
20 187 64 244 75 152 16 60 111 192 307 367 32 136 6 309 336 370 71 41 172
5.13 MA
20 28 317 150 59 58 185 213 31 109 227 142 261 252 223 285 292 391 8 23 337
7.16 MA
20 391 323 396 232 311 350 260 369 77 342 46 146 329 35 216 149 68 31 312 62
7.18 EE
20 253 219 48 76 359 65 49 119 353 116 246 96 140 225 185 67 318 150 172 352
6.9 DS
20 299 125 232 155 38 322 146 210 282 60 6 361 298 308 83 180 184 356 154 392
5.14 MA
20 249 374 41 210 288 82 123 42 397 90 217 48 212 381 10 359 349 228 3 337
7.57 MA
20 40 237 5 378 69 90 82 16 309 180 325 286 338 234 64 148 15 360 187 53
6.09 CE
20 277 67 86 96 134 357 157 55 53 138 369 380 7 303 173 278 275 241 195 105
5.44 CE
20 323 287 219 91 43 158 58 130 228 319 364 103 54 151 260 302 96 61 173 382
6.41 DS
20 384 392 114 166 227 37 30 281 230 39 24 67 379 133 54 98 282 63 348 199
7.19 DS
20 135 260 277 58 38 271 363 53 232 316 353 124 151 26 254 311 147 28 342 296
5.45 MA
20 307 39 42 47 200 397 30 101 92 11 31 180 229 361 41 341 206 137 344 158
7.26 EE
20 143 190 5 241 123 315 311 225 156 120 348 277 343 77 234 235 221 350 141 257
7.21 CS
20 322 236 75 173 342 350 159 60 242 149 151 124 194 261 31 156 387 364 367 17
6.34 DS
20 352 147 242 385 317 311 254 292 355 244 259 204 218 350 71 234 351 12 50 116
7.94 DS
20 313 295 112 361 8 186 163 395 114 157 207 328 339 122 322 327 310 357 90 141
7.51 EE
20 258 234 202 168 397 265 217 126 93 150 47 260 92 7 3 392 130 74 89 339
7.36 DS
20 97 242 38 372 362 124 276 262 326 143 221 85 21 83 305 178 300 121 277 50
7.12 EE
20 28 291 365 107 372 295 41 390 57 153 371 90 233 136 293 75 218 74 277 211
7.56 DS
20 30 75 333 84 147 154 166 25 371 278 259 296 184 106 265 146 180 132 67 46
7.04 EE
20 139 281 394 117 119 127 116 109 358 37 96 133 306 302 260 40 314 191 266 4
7.38 EE
20 81 323 217 305 32 388 397 311 139 124 39 398 394 90 368 216 25 186 250 260
8.33 DS
20 162 221 305 372 301 168 63 159 247 347 339 53 238 54 15 209 103 172 331 60
6.07 CS
20 321 185 248 377 374 353 218 350 331 100 5 164 91 246 295 8 399 181 325 382
7.42 CE
20 368 134 25 157 23 243 221 282 125 327 16 210 87 352 373 189 172 269 150 279
7.82 MA
20 271 137 240 65 69 157 173 376 174 390 6 291 102 306 132 12 375 188 104 204
6.93 MA
20 260 221 245 383 71 147 252 145 148 85 387 185 69 272 0 32 102 3 293 196
6.76 DS
20 242 63 322 154 105 184 368 147 394 67 391 54 367 185 396 142 308 57 39 120
5.85 CE
20 172 58 36 254 181 351 229 356 260 162 303 298 380 374 88 124 368 203 263 233
5.45 MA
20 43 64 389 340 319 181 152 174 251 95 315 153 169 394 327 49 23 380 385 183
8.14 MA
20 338 229 37 20 325 271 177 18 306 299 118 239 146 265 183 219 292 13 159 164
8.62 CE
20 264 286 114 325 270 170 387 4 246 310 227 396 284 26 321 136 187 205 248 393
6.6 DS
20 305 63 23 241 193 356 215 152 285 214 273 125 230 328 139 369 323 30 75 47
6.83 DS
20 67 288 325 255 2 252 83 115 206 198 259 200 187 168 10 261 180 50 370 379
6.29 CE
20 159 357 47 364 212 277 11 7 123 79 386 95 105 168 163 339 36 158 336 354
7.3 DS
20 17 92 315 204 11 381 279 201 185 113 359 53 394 260 246 378 19 208 157 125
6.73 DS
20 368 204 376 93 185 229 270 367 190 337 219 163 21 191 66 68 242 135 300 129
7.9 CS
20 319 160 238 201 227 71 360 4 64 358 154 339 273 349 87 171 322 246 90 66
6.59 CE
20 158 56 252 316 337 157 315 329 297 342 298 396 181 326 221 369 4 118 167 210
5.27 CE
20 125 167 333 177 211 304 126 13 41 387 335 55 392 136 287 299 253 376 349 398
7.22 CE
20 329 197 333 267 351 229 19 353 250 53 140 234 243 174 274 223 124 231 393 30
6.1 CE
20 111 44 161 23 86 349 303 287 132 309 347 238 320 34 162 350 98 72 388 129
7.6 DS
20 259 196 60 294 32 58 345 83 333 299 2 311 181 350 296 114 49 95 67 24
5.75 MA
20 381 28 220 83 211 197 127 59 175 55 56 225 317 65 222 47 193 353 230 328
7.24 CE
20 371 270 263 340 118 345 352 279 16 360 140 173 241 40 89 82 80 373 86 17
7.17 DS
20 224 73 88 150 360 205 201 26 361 267 384 172 212 37 356 153 259 247 125 123
7.74 CS
20 219 205 371 204 88 323 121 84 355 197 90 282 343 182 187 377 89 234 177 150
7.36 EE
20 169 121 6 265 13 249 111 38 211 385 223 193 149 32 1 187 372 56 190 168
7.23 EE
20 25 289 371 30 307 196 355 380 148 294 164 76 209 376 245 71 399 157 369 313
6.22 MA
20 362 310 32 228 57 253 307 243 319 250 5 327 222 364 369 82 73 199 183 289
7.56 EE
20 126 310 179 116 39 237 66 390 1 335 215 25 173 122 72 90 49 40 128 89
7.08 EE
20 42 385 305 226 196 150 209 298 281 246 93 218 76 52 376 168 116 77 89 172
8.26 CS
20 90 36 311 232 366 209 88 312 213 123 297 59 114 27 277 276 310 183 234 9
7.16 DS
20 215 173 207 253 294 108 386 201 218 371 314 385 205 322 360 239 124 110 365 116
6.9 MA
20 276 22 133 153 191 320 143 376 108 370 52 227 211 283 88 310 7 349 107 34
7.48 CS
20 360 340 249 147 315 354 18 312 222 106 250 278 119 42 301 97 247 212 140 1
7.69 CE
20 222 90 87 53 81 140 13 182 263 260 282 334 189 331 10 359 308 249 301 161
7.72 CS
20 352 175 259 137 271 71 83 188 133 254 283 38 47 366 123 342 50 92 351 355
6.04 CS
20 121 97 166 362 228 103 145 224 222 271 138 42 16 259 370 83 350 371 5 41
6.66 DS
20 121 397 292 313 96 74 213 268 201 130 274 158 332 356 353 68 83 185 106 17
6.68 MA
20 372 79 357 106 67 134 395 171 98 109 291 199 167 201 255 333 72 168 112 219
5.89 CE
20 335 293 35 266 151 208 371 121 391 394 308 231 96 172 254 387 164 243 303 12
6.48 MA
20 306 213 136 14 13 261 269 94 369 69 68 392 219 168 211 388 281 341 223 115
6.73 EE
20 150 347 144 250 77 266 239 3 243 191 102 93 202 284 112 119 219 137 289 20
6.95 EE
20 285 234 264 124 20 337 55 34 190 120 183 203 150 136 202 269 299 170 324 149
6.96 CE
20 219 268 249 165 15 285 369 44 360 377 79 287 23 159 373 206 129 181 169 137
7.11 DS
20 332 70 36 140 379 393 397 152 146 277 84 108 60 169 331 199 192 220 338 15
7.84 CE
20 36 146 321 24 171 221 196 179 259 8 383 333 227 97 241 79 369 320 211 210
6.56 CS
20 287 1 323 183 227 256 291 72 23 172 122 263 138 369 187 377 141 111 229 236
6.27 DS
20 248 139 92 19 319 28 182 320 185 61 57 91 399 198 317 23 295 203 392 288
7.89 DS
20 125 274 308 155 222 149 198 379 190 186 47 25 38 242 184 368 211 224 312 322
7.21 CE
20 364 213 91 25 29 390 376 27 1 49 179 157 173 330 129 252 270 109 125 161
6.68 CE
20 181 129 380 376 51 169 374 378 229 304 288 46 122 214 86 36 319 4 49 108
8.3 CS
20 254 122 136 344 355 72 369 371 259 23 396 169 220 48 212 269 6 151 153 276
6.38 MA
20 190 26 386 85 126 82 14 53 273 170 61 107 249 254 376 388 304 122 255 56
7.66 MA
20 62 372 284 294 301 142 265 81 261 160 260 41 216 27 34 79 149 343 334 0
8.14 CS
20 221 140 353 386 385 110 123 178 220 344 352 377 212 125 182 97 257 244 121 18
6.68 EE
20 278 296 113 168 127 44 18 178 48 218 336 269 229 2 89 394 303 128 93 13
7.54 MA
20 53 270 135 360 79 225 343 61 345 113 271 258 188 387 112 52 183 212 227 249
8.15 DS
20 381 131 107 14 247 184 187 164 121 316 356 146 166 254 331 72 2 50 176 309
6.48 CE
20 345 99 212 298 252 11 306 12 214 51 119 361 166 29 308 150 279 10 363 213
7.21 CS
20 2 189 366 86 145 170 244 200 97 7 336 182 128 211 152 111 309 356 138 178
5.85 CE
20 26 237 49 262 324 397 6 123 251 236 224 244 134 339 379 221 155 351 243 360
6.42 CE
20 390 364 199 110 11 49 190 329 215 398 345 298 229 91 15 373 250 237 135 179
7.47 EE
20 182 147 359 18 41 353 42 7 318 15 230 23 8 395 312 128 94 380 178 70
5.67 CE
20 258 341 310 41 36 49 386 197 200 89 260 274 112 14 3 371 139 391 17 136
8.03 CS
20 222 340 99 378 125 133 64 387 334 294 36 338 264 25 110 151 0 32 370 123
9.27 CS
20 331 18 279 344 286 172 321 209 158 154 104 99 396 376 245 243 182 202 71 237
8.1 MA
20 146 251 172 83 329 265 127 319 123 84 271 22 14 238 126 313 184 118 275 355
5.47 MA
20 96 125 314 141 214 151 256 116 387 38 351 311 231 312 20 68 148 300 249 69
7.29 CS
20 108 2 65 187 255 143 133 211 97 198 106 26 28 312 350 87 128 288 285 58
6.32 CS
20 236 385 172 375 255 192 270 224 48 103 369 381 211 349 228 121 190 230 104 321
7.69 CS
20 220 263 344 251 1 144 199 115 180 200 68 229 104 55 339 272 240 135 114 166
8.38 DS
20 274 379 369 391 31 334 40 210 127 285 222 358 130 184 345 294 260 298 164 88
8.01 MA
20 110 94 214 186 310 255 118 299 44 323 113 147 14 46 193 249 33 213 349 318
6.01 MA
20 53 41 269 124 398 300 270 128 31 395 153 331 23 27 387 88 66 16 109 306
7 EE
20 143 136 113 336 104 299 135 374 335 87 140 260 276 122 242 320 383 150 244 381
6.83 MA
20 319 148 194 167 39 193 279 266 49 258 183 312 164 98 201 62 351 229 208 357
7.2 CS
20 286 111 136 157 194 38 54 221 282 23 193 259 72 60 385 190 102 336 379 320
6.6 CS
20 49 386 331 178 187 343 286 5 378 294 106 231 316 229 189 337 135 394 109 38
7.27 DS
20 239 301 195 148 374 126 353 176 285 230 95 284 136 351 156 395 121 147 68 240
7.27 CE
20 390 69 365 247 243 271 257 330 34 136 378 92 270 200 138 250 260 224 369 383
6.3 CE
20 256 322 170 35 282 271 311 203 310 270 101 205 276 175 109 241 86 335 134 319
6.7 DS
20 28 52 249 208 5 257 267 215 210 3 151 244 189 211 199 157 121 48 373 396
7.52 DS
20 26 225 363 146 391 91 285 127 172 383 304 235 51 294 96 47 347 179 189 58
6.82 DS
20 132 277 316 273 85 336 80 338 367 66 20 64 57 125 282 6 5 210 105 285
9.2 CS
20 94 336 397 12 179 150 297 17 240 371 105 213 385 123 244 254 257 360 4 27
6.61 CS
20 54 43 128 302 32 156 289 272 102 211 137 233 246 155 386 21 241 209 245 231
7.27 CS
20 64 282 185 317 288 42 239 92 172 182 339 95 338 94 194 85 97 131 268 211
6.08 DS
20 191 333 30 174 28 52 293 18 297 357 205 308 324 267 234 198 120 273 219 253
5.64 MA
20 107 323 79 265 225 300 40 78 239 159 240 164 228 262 174 155 121 77 33 19
6.07 CE
20 206 51 387 36 1 321 65 155 364 56 138 393 82 301 177 35 388 229 259 390
7.07 CS
20 58 263 394 42 137 185 160 108 89 362 46 225 315 133 97 222 252 87 71 293
6.57 CE
20 216 140 138 271 62 359 360 18 51 250 135 172 319 242 166 254 247 79 260 336
6.08 CS
20 152 84 255 151 110 240 41 29 386 69 381 384 173 135 371 331 320 318 309 236
7.01 CS
20 9 28 209 236 15 327 222 121 360 279 370 389 213 31 258 351 131 367 109 333
7.25 DS
20 36 159 260 351 165 61 84 295 349 171 160 177 226 286 149 236 48 398 2 181
7.52 CE
20 341 258 150 216 386 27 210 318 173 170 333 120 294 220 39 319 237 75 369 268
7.69 CS
20 268 360 161 84 114 111 254 103 332 243 89 174 346 354 2 145 116 250 258 322
6.31 CE
20 82 84 51 271 24 398 304 157 253 302 387 374 213 35 163 161 34 136 91 214
5.17 MA
20 51 303 118 20 330 69 54 386 12 114 269 180 396 45 53 213 359 185 3 43
7.24 DS
20 247 393 187 28 356 185 47 166 267 262 236 225 317 363 171 83 0 140 133 7
8.46 CS
20 268 242 338 328 45 282 51 374 46 375 216 379 140 321 353 157 150 147 159 339
10 CS
20 279 7 23 307 122 41 309 33 336 196 169 71 315 168 256 349 290 185 242 236
7 CE
20 390 365 204 97 84 277 330 95 294 229 29 346 295 324 252 129 195 380 117 386
4.82 CE
20 7 136 182 94 302 211 51 343 295 76 381 330 363 232 249 167 180 285 312 88
5.07 MA
20 379 211 294 143 345 181 148 155 78 171 164 66 29 309 399 236 177 328 330 79
6 CE
20 396 329 30 49 286 197 216 189 94 221 347 9 375 326 308 222 344 81 297 346
7.62 MA
20 98 131 395 264 261 312 148 292 43 383 399 8 256 10 143 285 317 14 33 373
7.71 EE
20 300 294 191 33 153 170 190 229 104 168 371 137 310 359 101 341 17 152 176 133
7.59 CE
20 49 97 122 345 17 173 205 214 330 334 157 276 389 250 311 381 77 155 374 197
6.95 EE
20 28 183 374 209 202 76 139 117 278 296 358 82 170 384 243 306 244 79 105 344
6.02 MA
20 239 19 278 69 130 110 105 31 106 100 39 109 33 36 73 337 9 208 162 341
7.85 DS
20 146 105 40 154 61 179 329 249 23 198 84 186 0 124 332 272 2 6 150 348
6.08 EE
20 371 93 369 116 313 253 155 235 38 260 221 300 266 92 391 165 337 90 294 353
8.03 CE
20 179 246 162 244 312 140 145 112 373 282 372 123 259 331 163 350 65 314 260 135
6.57 MA
20 346 78 216 281 87 19 329 323 222 38 359 30 2 145 264 159 225 20 358 385
5
80 2 3 6 9 21 22 28 31 34 35 39 40 43 45 48 51 69 76 82 83 88 93 95 121 127 129 143 149 158 159 164 165 166 167 168 170 171 173 174 175 177 178 179 180 192 195 206 215 223 235 241 243 247 250 267 269 274 281 294 295 297 301 306 307 308 309 313 317 319 322 328 330 342 348 349 350 358 365 379 382
80 8 15 19 23 25 27 32 33 63 64 66 68 75 77 84 99 108 110 114 120 147 154 162 169 188 194 198 199 204 205 207 208 210 213 217 220 224 225 227 229 234 237 245 255 258 264 265 277 279 284 287 290 299 303 305 311 312 314 316 318 326 329 331 334 341 347 354 355 359 360 366 370 377 380 381 383 387 391 398 399
80 1 5 11 12 13 14 20 26 36 55 59 62 67 90 91 105 107 109 116 117 118 119 122 128 136 148 153 157 161 163 176 181 183 184 186 200 218 219 221 222 226 233 239 240 248 251 252 253 254 262 266 270 271 273 286 291 292 300 323 325 335 337 340 343 345 346 352 353 362 369 372 373 374 375 376 388 389 390 394 395
80 4 7 10 16 17 29 37 42 44 49 52 53 56 57 65 70 72 73 74 78 80 81 85 89 97 98 101 102 103 104 111 112 113 123 124 125 132 133 137 138 139 142 145 146 151 156 187 190 191 193 196 209 216 228 231 236 246 249 259 260 261 272 275 283 288 289 296 304 310 315 321 327 338 339 344 356 364 368 378 392
80 0 18 24 30 38 41 46 47 50 54 58 60 61 71 79 86 87 92 94 96 100 106 115 126 130 131 134 135 140 141 144 150 152 155 160 172 182 185 189 197 201 202 203 211 212 214 230 232 238 242 244 256 257 263 268 276 278 280 282 285 293 298 302 320 324 332 333 336 351 357 361 363 367 371 384 385 386 393 396 397
