20 5
200.0 100.0 25.0
6.61 MA
5 13 1 9 15 5
6.11 CS
3 12 9 8
7.65 CS
5 6 19 7 16 11
6.43 MA
5 8 5 18 1 19
4.62 DS
5 8 19 3 5 2
8 EE
5 7 16 17 12 1
7.82 CS
5 17 2 12 10 19
6.74 EE
5 3 5 19 16 14
6.16 DS
5 14 18 19 1 3
6.92 MA
5 11 0 16 13 15
8.65 DS
5 19 6 9 7 15
8.54 DS
5 10 7 13 19 14
8.4 CS
5 1 13 6 5 16
5.17 MA
5 12 11 15 19 6
6.26 MA
5 18 5 3 11 17
5.73 MA
5 11 10 0 13 9
6.23 EE
5 3 4 12 7 18
4.88 CS
5 10 7 3 16 6
7.17 EE
5 3 11 7 5 16
8.88 DS
5 14 15 8 11 13
5
4 3 4 13 15
4 2 6 10 11
4 0 5 17 19
4 9 12 16 18
4 1 7 8 14
